1537903312.525	 0	 -0.049576	 -0.245590	 -0.911514	 1
1537903312.535	 0	 -0.043320	 -0.248261	 -0.916718	 1
1537903312.545	 0	 -0.029968	 -0.256927	 -0.923889	 1
1537903312.565	 0	 -0.010254	 -0.282150	 -0.932770	 1
1537903312.555	 0	 -0.014084	 -0.268829	 -0.929428	 1
1537903312.575	 0	 -0.017761	 -0.292496	 -0.935822	 1
1537903312.585	 0	 -0.022812	 -0.295212	 -0.938950	 1
1537903312.595	 0	 -0.018448	 -0.292068	 -0.944855	 1
1537903312.605	 0	 -0.008423	 -0.291122	 -0.956314	 1
1537903312.615	 0	 -0.004898	 -0.294128	 -0.972885	 1
1537903312.625	 0	 -0.017197	 -0.289413	 -0.980042	 1
1537903312.635	 0	 -0.028320	 -0.275314	 -0.992126	 1
1537903312.645	 0	 -0.024277	 -0.257523	 -1.015106	 1
1537903312.655	 0	 -0.012146	 -0.239838	 -1.033020	 1
1537903312.665	 0	 0.000916	 -0.220428	 -1.035797	 1
1537903312.675	 0	 0.009003	 -0.205566	 -1.040100	 1
1537903312.685	 0	 0.007996	 -0.204987	 -1.051071	 1
1537903312.695	 0	 0.004547	 -0.209641	 -1.048141	 1
1537903312.705	 0	 0.000534	 -0.206497	 -1.030075	 1
1537903312.715	 0	 -0.000992	 -0.202347	 -1.014313	 1
1537903312.725	 0	 0.006027	 -0.210617	 -0.995193	 1
1537903312.735	 0	 0.015457	 -0.228119	 -0.965363	 1
1537903312.745	 0	 0.023346	 -0.242538	 -0.935455	 1
1537903312.755	 0	 0.023132	 -0.258224	 -0.918015	 1
1537903312.765	 0	 0.015564	 -0.275528	 -0.895798	 1
1537903312.775	 0	 0.017853	 -0.282791	 -0.878738	 1
1537903312.785	 0	 0.027573	 -0.284256	 -0.868576	 1
1537903312.795	 0	 0.034500	 -0.286346	 -0.859711	 1
1537903312.804	 0	 0.036163	 -0.288742	 -0.859680	 1
1537903312.814	 0	 0.033264	 -0.292709	 -0.863510	 1
1537903312.824	 0	 0.033783	 -0.292816	 -0.871979	 1
1537903312.834	 0	 0.033142	 -0.295074	 -0.880142	 1
1537903312.844	 0	 0.027939	 -0.296982	 -0.877930	 1
1537903312.854	 0	 0.027939	 -0.289703	 -0.875351	 1
1537903312.864	 0	 0.026642	 -0.283081	 -0.877762	 1
1537903312.874	 0	 0.025528	 -0.282684	 -0.875717	 1
1537903312.884	 0	 0.026276	 -0.286240	 -0.882050	 1
1537903312.894	 0	 0.022430	 -0.286896	 -0.889862	 1
1537903312.904	 0	 0.018906	 -0.278427	 -0.893051	 1
1537903312.914	 0	 0.018372	 -0.268143	 -0.896530	 1
1537903312.924	 0	 0.020157	 -0.265335	 -0.900146	 1
1537903312.934	 0	 0.027252	 -0.275574	 -0.904465	 1
1537903312.944	 0	 0.030182	 -0.287445	 -0.910355	 1
1537903312.954	 0	 0.029755	 -0.286026	 -0.908859	 1
1537903312.964	 0	 0.033722	 -0.277893	 -0.909637	 1
1537903312.974	 0	 0.039627	 -0.271530	 -0.915970	 1
1537903312.984	 0	 0.043671	 -0.268433	 -0.918793	 1
1537903312.994	 0	 0.043396	 -0.271393	 -0.923004	 1
1537903313.004	 0	 0.035019	 -0.281219	 -0.927383	 1
1537903313.014	 0	 0.027725	 -0.276947	 -0.930115	 1
1537903313.024	 0	 0.029053	 -0.272003	 -0.936493	 1
1537903313.034	 0	 0.034302	 -0.274506	 -0.942322	 1
1537903313.044	 0	 0.041565	 -0.273788	 -0.949448	 1
1537903313.054	 0	 0.040619	 -0.270889	 -0.963333	 1
1537903313.064	 0	 0.029663	 -0.268005	 -0.979233	 1
1537903313.074	 0	 0.015182	 -0.258606	 -0.985352	 1
1537903313.084	 0	 0.003494	 -0.240234	 -0.994095	 1
1537903313.094	 0	 -0.001114	 -0.229218	 -1.002518	 1
1537903313.104	 0	 -0.002640	 -0.237366	 -1.001663	 1
1537903313.114	 0	 -0.006882	 -0.246506	 -1.001938	 1
1537903313.124	 0	 -0.011291	 -0.251389	 -1.003311	 1
1537903313.134	 0	 -0.016129	 -0.253983	 -0.993637	 1
1537903313.144	 0	 -0.020462	 -0.252472	 -0.983231	 1
1537903313.154	 0	 -0.024033	 -0.254410	 -0.983215	 1
1537903313.164	 0	 -0.034729	 -0.261093	 -0.977707	 1
1537903313.174	 0	 -0.041290	 -0.261673	 -0.967529	 1
1537903313.184	 0	 -0.048019	 -0.258514	 -0.963455	 1
1537903313.194	 0	 -0.054977	 -0.250229	 -0.971695	 1
1537903313.204	 0	 -0.062759	 -0.238205	 -0.990189	 1
1537903313.214	 0	 -0.076218	 -0.233719	 -1.006729	 1
1537903313.224	 0	 -0.080017	 -0.238495	 -1.024353	 1
1537903313.234	 0	 -0.063797	 -0.254120	 -1.040421	 1
1537903313.244	 0	 -0.040466	 -0.270691	 -1.050598	 1
1537903313.254	 0	 -0.035843	 -0.259048	 -1.060394	 1
1537903313.264	 0	 -0.069733	 -0.206390	 -1.075745	 1
1537903313.274	 0	 -0.122787	 -0.146790	 -1.107803	 1
1537903313.284	 0	 -0.162323	 -0.102844	 -1.147247	 1
1537903313.294	 0	 -0.181686	 -0.072235	 -1.180618	 1
1537903313.304	 0	 -0.196121	 -0.042557	 -1.208099	 1
1537903313.314	 0	 -0.200836	 -0.009827	 -1.227707	 1
1537903313.324	 0	 -0.198044	 0.015717	 -1.233734	 1
1537903313.334	 0	 -0.197449	 0.032623	 -1.227997	 1
1537903313.344	 0	 -0.193146	 0.040131	 -1.215332	 1
1537903313.354	 0	 -0.194977	 0.036804	 -1.189514	 1
1537903313.364	 0	 -0.194153	 0.023407	 -1.151932	 1
1537903313.374	 0	 -0.182907	 0.001862	 -1.108292	 1
1537903313.384	 0	 -0.169083	 -0.023880	 -1.061127	 1
1537903313.394	 0	 -0.165680	 -0.049057	 -1.017334	 1
1537903313.404	 0	 -0.169586	 -0.070389	 -0.984009	 1
1537903313.414	 0	 -0.176834	 -0.089539	 -0.955902	 1
1537903313.424	 0	 -0.178741	 -0.103516	 -0.930542	 1
1537903313.433	 0	 -0.178452	 -0.114609	 -0.910858	 1
1537903313.443	 0	 -0.179504	 -0.121811	 -0.895523	 1
1537903313.453	 0	 -0.178253	 -0.129196	 -0.884613	 1
1537903313.463	 0	 -0.173752	 -0.136078	 -0.875092	 1
1537903313.473	 0	 -0.170807	 -0.136307	 -0.865158	 1
1537903313.483	 0	 -0.163864	 -0.130783	 -0.854843	 1
1537903313.493	 0	 -0.151672	 -0.128265	 -0.841003	 1
1537903313.503	 0	 -0.132645	 -0.133804	 -0.826019	 1
1537903313.513	 0	 -0.113449	 -0.144974	 -0.804001	 1
1537903313.523	 0	 -0.099152	 -0.153626	 -0.773346	 1
1537903313.533	 0	 -0.093918	 -0.158508	 -0.751129	 1
1537903313.543	 0	 -0.086670	 -0.168243	 -0.746979	 1
1537903313.553	 0	 -0.073013	 -0.183105	 -0.751221	 1
1537903313.563	 0	 -0.058258	 -0.197418	 -0.752472	 1
1537903313.573	 0	 -0.051437	 -0.210007	 -0.755905	 1
1537903313.583	 0	 -0.057648	 -0.217407	 -0.760101	 1
1537903313.593	 0	 -0.069717	 -0.219788	 -0.769547	 1
1537903313.603	 0	 -0.076248	 -0.223053	 -0.783539	 1
1537903313.613	 0	 -0.077332	 -0.225098	 -0.797134	 1
1537903313.623	 0	 -0.076157	 -0.223709	 -0.807434	 1
1537903313.633	 0	 -0.079864	 -0.226532	 -0.813522	 1
1537903313.643	 0	 -0.085937	 -0.235703	 -0.823914	 1
1537903313.653	 0	 -0.094711	 -0.241714	 -0.829941	 1
1537903313.663	 0	 -0.102615	 -0.241745	 -0.832748	 1
1537903313.673	 0	 -0.104309	 -0.244720	 -0.836761	 1
1537903313.683	 0	 -0.104141	 -0.253387	 -0.840439	 1
1537903313.693	 0	 -0.099335	 -0.259537	 -0.846451	 1
1537903313.703	 0	 -0.095795	 -0.263046	 -0.855301	 1
1537903313.713	 0	 -0.092514	 -0.267853	 -0.863541	 1
1537903313.723	 0	 -0.090393	 -0.268738	 -0.872772	 1
1537903313.733	 0	 -0.092514	 -0.268097	 -0.883438	 1
1537903313.743	 0	 -0.094818	 -0.267136	 -0.887192	 1
1537903313.753	 0	 -0.091202	 -0.272293	 -0.889160	 1
1537903313.763	 0	 -0.084976	 -0.287552	 -0.886551	 1
1537903313.773	 0	 -0.075455	 -0.299896	 -0.884094	 1
1537903313.783	 0	 -0.067047	 -0.304855	 -0.891586	 1
1537903313.793	 0	 -0.065582	 -0.311111	 -0.899445	 1
1537903313.803	 0	 -0.063004	 -0.317581	 -0.905807	 1
1537903313.813	 0	 -0.056854	 -0.323654	 -0.920090	 1
1537903313.823	 0	 -0.048309	 -0.333817	 -0.934387	 1
1537903313.833	 0	 -0.034058	 -0.347244	 -0.944489	 1
1537903313.843	 0	 -0.023666	 -0.351318	 -0.957184	 1
1537903313.853	 0	 -0.027206	 -0.339233	 -0.979675	 1
1537903313.863	 0	 -0.047836	 -0.319305	 -1.010422	 1
1537903313.873	 0	 -0.075638	 -0.297897	 -1.040161	 1
1537903313.883	 0	 -0.088974	 -0.288544	 -1.067841	 1
1537903313.893	 0	 -0.082092	 -0.302017	 -1.089127	 1
1537903313.903	 0	 -0.057800	 -0.317123	 -1.114227	 1
1537903313.913	 0	 -0.029999	 -0.304031	 -1.142075	 1
1537903313.923	 0	 -0.018875	 -0.270554	 -1.168381	 1
1537903313.933	 0	 -0.018600	 -0.245010	 -1.187088	 1
1537903313.943	 0	 -0.008408	 -0.227875	 -1.206253	 1
1537903313.953	 0	 0.013794	 -0.207001	 -1.227142	 1
1537903313.963	 0	 0.033905	 -0.185333	 -1.233292	 1
1537903313.973	 0	 0.038040	 -0.154160	 -1.225006	 1
1537903313.983	 0	 0.029343	 -0.126221	 -1.205292	 1
1537903313.993	 0	 0.019852	 -0.116379	 -1.177307	 1
1537903314.003	 0	 0.018616	 -0.123627	 -1.144485	 1
1537903314.013	 0	 0.025940	 -0.142181	 -1.106079	 1
1537903314.023	 0	 0.039169	 -0.160965	 -1.067734	 1
1537903314.033	 0	 0.048615	 -0.172028	 -1.040756	 1
1537903314.043	 0	 0.055283	 -0.174744	 -1.023956	 1
1537903314.053	 0	 0.058258	 -0.175797	 -1.016479	 1
1537903314.063	 0	 0.056625	 -0.174118	 -1.018387	 1
1537903314.072	 0	 0.042206	 -0.166840	 -1.014328	 1
1537903314.083	 0	 0.021240	 -0.153503	 -1.002945	 1
1537903314.092	 0	 0.006332	 -0.144516	 -0.991989	 1
1537903314.102	 0	 -0.007401	 -0.149445	 -0.975113	 1
1537903314.112	 0	 -0.017319	 -0.156540	 -0.944290	 1
1537903314.122	 0	 -0.026001	 -0.159348	 -0.908661	 1
1537903314.132	 0	 -0.032150	 -0.162216	 -0.871979	 1
1537903314.142	 0	 -0.030594	 -0.165619	 -0.844604	 1
1537903314.152	 0	 -0.023575	 -0.170532	 -0.826828	 1
1537903314.162	 0	 -0.020905	 -0.176392	 -0.802567	 1
1537903314.172	 0	 -0.025497	 -0.177933	 -0.773682	 1
1537903314.182	 0	 -0.024902	 -0.180588	 -0.743698	 1
1537903314.192	 0	 -0.019821	 -0.192535	 -0.716019	 1
1537903314.202	 0	 -0.010254	 -0.205734	 -0.695587	 1
1537903314.212	 0	 -0.007202	 -0.219635	 -0.681458	 1
1537903314.222	 0	 -0.009125	 -0.233536	 -0.666489	 1
1537903314.232	 0	 -0.011566	 -0.243378	 -0.659515	 1
1537903314.242	 0	 -0.005890	 -0.252899	 -0.661865	 1
1537903314.252	 0	 0.007797	 -0.263504	 -0.668320	 1
1537903314.262	 0	 0.015991	 -0.272781	 -0.687515	 1
1537903314.272	 0	 0.015594	 -0.280777	 -0.708694	 1
1537903314.282	 0	 0.006134	 -0.288071	 -0.718735	 1
1537903314.292	 0	 0.003860	 -0.294052	 -0.734451	 1
1537903314.302	 0	 0.006561	 -0.308441	 -0.756622	 1
1537903314.312	 0	 0.010239	 -0.323807	 -0.773361	 1
1537903314.322	 0	 0.011612	 -0.328568	 -0.789764	 1
1537903314.332	 0	 0.007904	 -0.327179	 -0.815567	 1
1537903314.342	 0	 -0.004639	 -0.329971	 -0.840515	 1
1537903314.352	 0	 -0.022903	 -0.327072	 -0.873047	 1
1537903314.362	 0	 -0.049286	 -0.317642	 -0.912888	 1
1537903314.372	 0	 -0.074997	 -0.308746	 -0.943634	 1
1537903314.382	 0	 -0.088272	 -0.301453	 -0.964386	 1
1537903314.392	 0	 -0.090790	 -0.297348	 -0.978714	 1
1537903314.402	 0	 -0.086151	 -0.294540	 -0.986862	 1
1537903314.412	 0	 -0.078766	 -0.292465	 -0.992889	 1
1537903314.422	 0	 -0.078506	 -0.294098	 -0.995560	 1
1537903314.432	 0	 -0.085037	 -0.299118	 -0.988907	 1
1537903314.442	 0	 -0.097549	 -0.310913	 -0.982483	 1
1537903314.452	 0	 -0.117081	 -0.323532	 -0.981812	 1
1537903314.462	 0	 -0.143860	 -0.331604	 -0.985397	 1
1537903314.472	 0	 -0.166901	 -0.342697	 -0.982407	 1
1537903314.482	 0	 -0.160370	 -0.373047	 -0.973480	 1
1537903314.492	 0	 -0.115387	 -0.434372	 -0.961319	 1
1537903314.502	 0	 -0.066528	 -0.483643	 -0.954254	 1
1537903314.512	 0	 -0.046051	 -0.466034	 -0.983948	 1
1537903314.522	 0	 -0.076050	 -0.407639	 -1.039139	 1
1537903314.532	 0	 -0.159409	 -0.321884	 -1.113297	 1
1537903314.542	 0	 -0.265839	 -0.226578	 -1.220291	 1
1537903314.552	 0	 -0.322830	 -0.155869	 -1.302368	 1
1537903314.562	 0	 -0.349152	 -0.095871	 -1.333282	 1
1537903314.572	 0	 -0.350159	 -0.039551	 -1.338760	 1
1537903314.582	 0	 -0.319473	 -0.032959	 -1.329849	 1
1537903314.592	 0	 -0.275589	 -0.061417	 -1.282242	 1
1537903314.602	 0	 -0.220993	 -0.084351	 -1.202225	 1
1537903314.612	 0	 -0.168900	 -0.095734	 -1.137741	 1
1537903314.622	 0	 -0.152771	 -0.121429	 -1.084595	 1
1537903314.632	 0	 -0.151520	 -0.162216	 -1.030365	 1
1537903314.642	 0	 -0.158615	 -0.192535	 -0.992081	 1
1537903314.652	 0	 -0.187881	 -0.206345	 -0.970978	 1
1537903314.662	 0	 -0.220367	 -0.212662	 -0.966690	 1
1537903314.672	 0	 -0.242813	 -0.222855	 -0.970306	 1
1537903314.682	 0	 -0.246185	 -0.235901	 -0.969147	 1
1537903314.692	 0	 -0.232941	 -0.237015	 -0.961685	 1
1537903314.702	 0	 -0.216782	 -0.223068	 -0.939056	 1
1537903314.711	 0	 -0.197998	 -0.196457	 -0.897934	 1
1537903314.721	 0	 -0.178604	 -0.169998	 -0.858444	 1
1537903314.731	 0	 -0.151215	 -0.157318	 -0.823853	 1
1537903314.741	 0	 -0.129639	 -0.162506	 -0.780914	 1
1537903314.751	 0	 -0.105576	 -0.176529	 -0.735687	 1
1537903314.761	 0	 -0.076569	 -0.190659	 -0.703964	 1
1537903314.771	 0	 -0.056137	 -0.207886	 -0.677460	 1
1537903314.781	 0	 -0.039490	 -0.227081	 -0.655869	 1
1537903314.791	 0	 -0.024918	 -0.246719	 -0.636703	 1
1537903314.801	 0	 -0.010406	 -0.264694	 -0.630783	 1
1537903314.811	 0	 0.004562	 -0.278946	 -0.639694	 1
1537903314.821	 0	 0.009842	 -0.291443	 -0.657883	 1
1537903314.831	 0	 0.000442	 -0.301010	 -0.681458	 1
1537903314.841	 0	 -0.012848	 -0.311569	 -0.703140	 1
1537903314.851	 0	 -0.021545	 -0.321167	 -0.719757	 1
1537903314.861	 0	 -0.033173	 -0.331329	 -0.737518	 1
1537903314.871	 0	 -0.051315	 -0.338821	 -0.769409	 1
1537903314.881	 0	 -0.053589	 -0.334244	 -0.833801	 1
1537903314.891	 0	 -0.091537	 -0.357880	 -0.850967	 1
1537903314.901	 0	 -0.117783	 -0.377960	 -0.821609	 1
1537903314.911	 0	 -0.090759	 -0.359680	 -0.836472	 1
1537903314.921	 0	 -0.075989	 -0.333771	 -0.855057	 1
1537903314.931	 0	 -0.078903	 -0.323578	 -0.860413	 1
1537903314.941	 0	 -0.080017	 -0.327881	 -0.870285	 1
1537903314.951	 0	 -0.077133	 -0.327072	 -0.885223	 1
1537903314.961	 0	 -0.071640	 -0.316238	 -0.896347	 1
1537903314.971	 0	 -0.070969	 -0.307938	 -0.899826	 1
1537903314.981	 0	 -0.068619	 -0.308655	 -0.905029	 1
1537903314.991	 0	 -0.054916	 -0.312881	 -0.919846	 1
1537903315.001	 0	 -0.045135	 -0.319611	 -0.948090	 1
1537903315.011	 0	 -0.036331	 -0.340561	 -0.985519	 1
1537903315.021	 0	 -0.019547	 -0.352722	 -0.961212	 1
1537903315.031	 0	 -0.008804	 -0.363571	 -0.956497	 1
1537903315.041	 0	 -0.005051	 -0.378586	 -0.991913	 1
1537903315.051	 0	 -0.002029	 -0.366791	 -1.015991	 1
1537903315.061	 0	 -0.022461	 -0.357025	 -1.049576	 1
1537903315.071	 0	 -0.062103	 -0.364395	 -1.091766	 1
1537903315.081	 0	 -0.085388	 -0.383774	 -1.130264	 1
1537903315.091	 0	 -0.093842	 -0.411362	 -1.158295	 1
1537903315.101	 0	 -0.109406	 -0.403946	 -1.182404	 1
1537903315.111	 0	 -0.137146	 -0.366638	 -1.210266	 1
1537903315.121	 0	 -0.169144	 -0.333038	 -1.234146	 1
1537903315.131	 0	 -0.181305	 -0.322586	 -1.244110	 1
1537903315.141	 0	 -0.165756	 -0.320923	 -1.233429	 1
1537903315.151	 0	 -0.142014	 -0.308960	 -1.219742	 1
1537903315.161	 0	 -0.124146	 -0.291840	 -1.192902	 1
1537903315.171	 0	 -0.106522	 -0.282349	 -1.130371	 1
1537903315.181	 0	 -0.071075	 -0.279694	 -1.055359	 1
1537903315.191	 0	 -0.018539	 -0.277328	 -0.994995	 1
1537903315.201	 0	 0.035034	 -0.277863	 -0.958054	 1
1537903315.211	 0	 0.080032	 -0.276031	 -0.937866	 1
1537903315.221	 0	 0.117050	 -0.273285	 -0.935196	 1
1537903315.231	 0	 0.146606	 -0.262360	 -0.938141	 1
1537903315.241	 0	 0.163757	 -0.245254	 -0.942322	 1
1537903315.251	 0	 0.166275	 -0.229889	 -0.958633	 1
1537903315.261	 0	 0.159668	 -0.218246	 -0.968918	 1
1537903315.271	 0	 0.145966	 -0.202103	 -0.972534	 1
1537903315.281	 0	 0.124756	 -0.182480	 -0.977280	 1
1537903315.291	 0	 0.096939	 -0.166412	 -0.986298	 1
1537903315.301	 0	 0.067627	 -0.162460	 -0.993393	 1
1537903315.311	 0	 0.043411	 -0.169403	 -0.977921	 1
1537903315.321	 0	 0.031662	 -0.171249	 -0.950150	 1
1537903315.331	 0	 0.025482	 -0.170929	 -0.915131	 1
1537903315.341	 0	 0.015839	 -0.175156	 -0.866837	 1
1537903315.350	 0	 0.006088	 -0.174881	 -0.822083	 1
1537903315.360	 0	 0.002426	 -0.173584	 -0.790344	 1
1537903315.370	 0	 0.003571	 -0.183060	 -0.760193	 1
1537903315.380	 0	 0.008041	 -0.196625	 -0.729462	 1
1537903315.390	 0	 0.015976	 -0.207397	 -0.710999	 1
1537903315.400	 0	 0.020035	 -0.218292	 -0.706879	 1
1537903315.410	 0	 0.012955	 -0.234787	 -0.694962	 1
1537903315.420	 0	 0.004593	 -0.250412	 -0.681580	 1
1537903315.430	 0	 -0.003281	 -0.263229	 -0.677490	 1
1537903315.440	 0	 -0.005936	 -0.281158	 -0.676346	 1
1537903315.450	 0	 -0.001266	 -0.300323	 -0.674164	 1
1537903315.460	 0	 0.010620	 -0.320419	 -0.683533	 1
1537903315.470	 0	 0.028732	 -0.336563	 -0.696381	 1
1537903315.480	 0	 0.047028	 -0.346054	 -0.709229	 1
1537903315.490	 0	 0.055481	 -0.353867	 -0.721481	 1
1537903315.500	 0	 0.050293	 -0.357239	 -0.733948	 1
1537903315.510	 0	 0.044525	 -0.355057	 -0.749512	 1
1537903315.520	 0	 0.037872	 -0.355087	 -0.771545	 1
1537903315.530	 0	 0.026657	 -0.351288	 -0.806671	 1
1537903315.540	 0	 0.007645	 -0.343826	 -0.839905	 1
1537903315.550	 0	 -0.016830	 -0.328171	 -0.869202	 1
1537903315.560	 0	 -0.032700	 -0.308395	 -0.900787	 1
1537903315.570	 0	 -0.034180	 -0.290436	 -0.935699	 1
1537903315.580	 0	 -0.025482	 -0.278259	 -0.976975	 1
1537903315.590	 0	 -0.020477	 -0.268906	 -1.015060	 1
1537903315.600	 0	 -0.014786	 -0.260559	 -1.040619	 1
1537903315.610	 0	 -0.015167	 -0.251389	 -1.059143	 1
1537903315.620	 0	 -0.033234	 -0.240570	 -1.066925	 1
1537903315.630	 0	 -0.065292	 -0.241440	 -1.070297	 1
1537903315.640	 0	 -0.091705	 -0.266815	 -1.071976	 1
1537903315.650	 0	 -0.090302	 -0.326813	 -1.065216	 1
1537903315.660	 0	 -0.060730	 -0.405975	 -1.046280	 1
1537903315.670	 0	 -0.031204	 -0.456940	 -1.033127	 1
1537903315.680	 0	 -0.030563	 -0.449005	 -1.048645	 1
1537903315.690	 0	 -0.071823	 -0.406998	 -1.092987	 1
1537903315.700	 0	 -0.147354	 -0.355667	 -1.160767	 1
1537903315.710	 0	 -0.221359	 -0.305573	 -1.251129	 1
1537903315.720	 0	 -0.259018	 -0.254593	 -1.322434	 1
1537903315.730	 0	 -0.277008	 -0.203140	 -1.344940	 1
1537903315.740	 0	 -0.270752	 -0.148163	 -1.332047	 1
1537903315.750	 0	 -0.241821	 -0.112518	 -1.298569	 1
1537903315.760	 0	 -0.200562	 -0.109985	 -1.241486	 1
1537903315.770	 0	 -0.142303	 -0.122894	 -1.168121	 1
1537903315.780	 0	 -0.084869	 -0.143677	 -1.092712	 1
1537903315.790	 0	 -0.053589	 -0.182465	 -1.028275	 1
1537903315.800	 0	 -0.051010	 -0.232590	 -0.970932	 1
1537903315.810	 0	 -0.060684	 -0.271118	 -0.930435	 1
1537903315.820	 0	 -0.082199	 -0.296432	 -0.904892	 1
1537903315.830	 0	 -0.120575	 -0.310883	 -0.893112	 1
1537903315.840	 0	 -0.165619	 -0.318115	 -0.897064	 1
1537903315.850	 0	 -0.200974	 -0.315247	 -0.914581	 1
1537903315.860	 0	 -0.210327	 -0.300980	 -0.926376	 1
1537903315.870	 0	 -0.193909	 -0.280136	 -0.924286	 1
1537903315.880	 0	 -0.172867	 -0.260620	 -0.911499	 1
1537903315.890	 0	 -0.153061	 -0.240570	 -0.881729	 1
1537903315.900	 0	 -0.127319	 -0.222610	 -0.842575	 1
1537903315.910	 0	 -0.099701	 -0.210434	 -0.806076	 1
1537903315.920	 0	 -0.075851	 -0.207275	 -0.780411	 1
1537903315.930	 0	 -0.066299	 -0.213745	 -0.756195	 1
1537903315.940	 0	 -0.063431	 -0.221359	 -0.732544	 1
1537903315.950	 0	 -0.057388	 -0.229813	 -0.709381	 1
1537903315.960	 0	 -0.046631	 -0.240036	 -0.684174	 1
1537903315.970	 0	 -0.038956	 -0.252274	 -0.660477	 1
1537903315.980	 0	 -0.034103	 -0.263535	 -0.648682	 1
1537903315.990	 0	 -0.030289	 -0.278412	 -0.643173	 1
1537903315.999	 0	 -0.026566	 -0.294601	 -0.642410	 1
1537903316.009	 0	 -0.028198	 -0.311554	 -0.652954	 1
1537903316.019	 0	 -0.034317	 -0.327850	 -0.663239	 1
1537903316.029	 0	 -0.040161	 -0.338623	 -0.672729	 1
1537903316.039	 0	 -0.048508	 -0.342514	 -0.695419	 1
1537903316.049	 0	 -0.054214	 -0.348907	 -0.723221	 1
1537903316.059	 0	 -0.062012	 -0.355209	 -0.748596	 1
1537903316.069	 0	 -0.075500	 -0.355469	 -0.771149	 1
1537903316.079	 0	 -0.082993	 -0.353943	 -0.801880	 1
1537903316.089	 0	 -0.080338	 -0.354431	 -0.833527	 1
1537903316.099	 0	 -0.073059	 -0.352661	 -0.857513	 1
1537903316.109	 0	 -0.066772	 -0.346268	 -0.878616	 1
1537903316.119	 0	 -0.058807	 -0.338974	 -0.896912	 1
1537903316.129	 0	 -0.048004	 -0.333420	 -0.905762	 1
1537903316.139	 0	 -0.029663	 -0.329361	 -0.913269	 1
1537903316.149	 0	 -0.015472	 -0.330566	 -0.924057	 1
1537903316.159	 0	 -0.009842	 -0.333450	 -0.937454	 1
1537903316.169	 0	 -0.002411	 -0.339478	 -0.953827	 1
1537903316.179	 0	 0.011383	 -0.353256	 -0.968018	 1
1537903316.189	 0	 0.022491	 -0.370209	 -0.974731	 1
1537903316.199	 0	 0.025177	 -0.383453	 -0.983292	 1
1537903316.209	 0	 0.021667	 -0.393433	 -0.995728	 1
1537903316.219	 0	 0.008850	 -0.396500	 -1.011215	 1
1537903316.229	 0	 -0.013046	 -0.394028	 -1.025909	 1
1537903316.239	 0	 -0.037125	 -0.398361	 -1.036377	 1
1537903316.249	 0	 -0.038712	 -0.423630	 -1.045013	 1
1537903316.259	 0	 -0.018585	 -0.452835	 -1.054520	 1
1537903316.269	 0	 -0.002075	 -0.439941	 -1.072769	 1
1537903316.279	 0	 -0.005630	 -0.384750	 -1.110153	 1
1537903316.289	 0	 -0.024979	 -0.339783	 -1.160400	 1
1537903316.299	 0	 -0.051682	 -0.310959	 -1.204849	 1
1537903316.309	 0	 -0.054337	 -0.286926	 -1.235458	 1
1537903316.319	 0	 -0.040771	 -0.275558	 -1.227905	 1
1537903316.329	 0	 -0.025070	 -0.271683	 -1.184204	 1
1537903316.339	 0	 -0.011917	 -0.275513	 -1.135300	 1
1537903316.349	 0	 0.001114	 -0.290482	 -1.080551	 1
1537903316.359	 0	 0.014786	 -0.309845	 -1.041840	 1
1537903316.369	 0	 0.025970	 -0.328201	 -1.020935	 1
1537903316.379	 0	 0.034912	 -0.340469	 -1.005142	 1
1537903316.389	 0	 0.043793	 -0.342682	 -1.003204	 1
1537903316.399	 0	 0.045456	 -0.333618	 -1.011948	 1
1537903316.409	 0	 0.034088	 -0.313446	 -1.018051	 1
1537903316.419	 0	 0.012573	 -0.282043	 -1.024582	 1
1537903316.429	 0	 -0.010880	 -0.254059	 -1.024902	 1
1537903316.439	 0	 -0.031143	 -0.240173	 -1.009384	 1
1537903316.449	 0	 -0.040787	 -0.235977	 -0.975677	 1
1537903316.459	 0	 -0.041519	 -0.235748	 -0.932510	 1
1537903316.469	 0	 -0.049301	 -0.238480	 -0.885056	 1
1537903316.479	 0	 -0.057968	 -0.231155	 -0.844269	 1
1537903316.489	 0	 -0.060989	 -0.218918	 -0.816833	 1
1537903316.499	 0	 -0.061310	 -0.214355	 -0.796219	 1
1537903316.509	 0	 -0.062454	 -0.209030	 -0.787735	 1
1537903316.519	 0	 -0.061005	 -0.203720	 -0.789597	 1
1537903316.529	 0	 -0.054764	 -0.196625	 -0.787674	 1
1537903316.539	 0	 -0.052689	 -0.187759	 -0.780411	 1
1537903316.549	 0	 -0.049149	 -0.184906	 -0.770599	 1
1537903316.559	 0	 -0.047562	 -0.188156	 -0.760590	 1
1537903316.569	 0	 -0.044052	 -0.205933	 -0.753754	 1
1537903316.579	 0	 -0.040482	 -0.236069	 -0.741974	 1
1537903316.589	 0	 -0.035706	 -0.261581	 -0.716400	 1
1537903316.599	 0	 -0.024658	 -0.285751	 -0.695190	 1
1537903316.609	 0	 -0.018051	 -0.310120	 -0.685135	 1
1537903316.618	 0	 -0.005844	 -0.325485	 -0.678467	 1
1537903316.628	 0	 0.005478	 -0.340668	 -0.676788	 1
1537903316.638	 0	 0.017365	 -0.355835	 -0.679291	 1
1537903316.648	 0	 0.030655	 -0.368683	 -0.694031	 1
1537903316.658	 0	 0.037399	 -0.376312	 -0.717712	 1
1537903316.668	 0	 0.037216	 -0.375137	 -0.744522	 1
1537903316.678	 0	 0.030334	 -0.365570	 -0.778214	 1
1537903316.688	 0	 0.019424	 -0.356766	 -0.822464	 1
1537903316.698	 0	 0.008423	 -0.344559	 -0.866013	 1
1537903316.708	 0	 -0.000565	 -0.325455	 -0.904266	 1
1537903316.718	 0	 -0.009735	 -0.304108	 -0.938507	 1
1537903316.728	 0	 -0.016678	 -0.284088	 -0.974213	 1
1537903316.738	 0	 -0.014877	 -0.273438	 -1.004517	 1
1537903316.748	 0	 -0.011536	 -0.269714	 -1.015640	 1
1537903316.758	 0	 -0.008835	 -0.265152	 -1.016922	 1
1537903316.768	 0	 -0.009979	 -0.258667	 -1.015778	 1
1537903316.778	 0	 -0.020279	 -0.256348	 -1.009354	 1
1537903316.788	 0	 -0.030945	 -0.259567	 -1.006424	 1
1537903316.798	 0	 -0.032578	 -0.278351	 -1.003357	 1
1537903316.808	 0	 -0.026047	 -0.319824	 -0.988235	 1
1537903316.818	 0	 -0.005753	 -0.374496	 -0.961670	 1
1537903316.828	 0	 0.025070	 -0.426788	 -0.929871	 1
1537903316.838	 0	 0.043823	 -0.459808	 -0.915741	 1
1537903316.848	 0	 0.037933	 -0.458252	 -0.942398	 1
1537903316.858	 0	 -0.001404	 -0.424957	 -1.018311	 1
1537903316.868	 0	 -0.071640	 -0.369247	 -1.126648	 1
1537903316.878	 0	 -0.135910	 -0.297882	 -1.239120	 1
1537903316.888	 0	 -0.174759	 -0.222931	 -1.320801	 1
1537903316.898	 0	 -0.191025	 -0.162506	 -1.355850	 1
1537903316.908	 0	 -0.180573	 -0.112961	 -1.342087	 1
1537903316.918	 0	 -0.163971	 -0.079895	 -1.291077	 1
1537903316.928	 0	 -0.132294	 -0.074417	 -1.219513	 1
1537903316.938	 0	 -0.089798	 -0.098709	 -1.137390	 1
1537903316.948	 0	 -0.040894	 -0.140839	 -1.063568	 1
1537903316.958	 0	 -0.016220	 -0.196075	 -1.003159	 1
1537903316.968	 0	 -0.015503	 -0.245514	 -0.963989	 1
1537903316.978	 0	 -0.033859	 -0.276581	 -0.950180	 1
1537903316.988	 0	 -0.081680	 -0.289474	 -0.952774	 1
1537903316.998	 0	 -0.134750	 -0.294601	 -0.963531	 1
1537903317.008	 0	 -0.167831	 -0.296600	 -0.958344	 1
1537903317.018	 0	 -0.182983	 -0.279495	 -0.946991	 1
1537903317.028	 0	 -0.185699	 -0.252945	 -0.935669	 1
1537903317.038	 0	 -0.167221	 -0.230225	 -0.912170	 1
1537903317.048	 0	 -0.131577	 -0.213776	 -0.881302	 1
1537903317.058	 0	 -0.099808	 -0.207443	 -0.837036	 1
1537903317.068	 0	 -0.076035	 -0.197220	 -0.787018	 1
1537903317.078	 0	 -0.056824	 -0.189636	 -0.751740	 1
1537903317.088	 0	 -0.037949	 -0.199020	 -0.721390	 1
1537903317.098	 0	 -0.025497	 -0.217712	 -0.690689	 1
1537903317.108	 0	 -0.014572	 -0.229919	 -0.657455	 1
1537903317.118	 0	 0.002731	 -0.236877	 -0.635056	 1
1537903317.128	 0	 0.022461	 -0.251389	 -0.628693	 1
1537903317.138	 0	 0.042404	 -0.269440	 -0.629715	 1
1537903317.148	 0	 0.056305	 -0.283035	 -0.632919	 1
1537903317.158	 0	 0.060760	 -0.293884	 -0.637100	 1
1537903317.168	 0	 0.058182	 -0.303757	 -0.656647	 1
1537903317.178	 0	 0.047806	 -0.316391	 -0.681381	 1
1537903317.188	 0	 0.041107	 -0.331131	 -0.708130	 1
1537903317.198	 0	 0.032257	 -0.341629	 -0.741821	 1
1537903317.208	 0	 0.027664	 -0.345184	 -0.775711	 1
1537903317.218	 0	 0.025925	 -0.341568	 -0.807022	 1
1537903317.228	 0	 0.022354	 -0.341690	 -0.840378	 1
1537903317.238	 0	 0.024384	 -0.341354	 -0.876114	 1
1537903317.248	 0	 0.023025	 -0.333130	 -0.915894	 1
1537903317.257	 0	 0.021744	 -0.324829	 -0.942108	 1
1537903317.268	 0	 0.026489	 -0.309601	 -0.961563	 1
1537903317.277	 0	 0.035736	 -0.288910	 -0.982803	 1
1537903317.287	 0	 0.043137	 -0.275848	 -0.997574	 1
1537903317.297	 0	 0.040634	 -0.268768	 -1.004166	 1
1537903317.307	 0	 0.044037	 -0.269638	 -0.999756	 1
1537903317.317	 0	 0.064697	 -0.280106	 -0.994324	 1
1537903317.327	 0	 0.086838	 -0.299698	 -0.985275	 1
1537903317.337	 0	 0.100571	 -0.321411	 -0.975403	 1
1537903317.347	 0	 0.100601	 -0.340561	 -0.969864	 1
1537903317.357	 0	 0.097443	 -0.356155	 -0.966492	 1
1537903317.367	 0	 0.098373	 -0.374283	 -0.969604	 1
1537903317.377	 0	 0.094666	 -0.388275	 -0.980255	 1
1537903317.387	 0	 0.076218	 -0.389252	 -0.993027	 1
1537903317.397	 0	 0.050827	 -0.389114	 -1.002701	 1
1537903317.407	 0	 0.041443	 -0.396423	 -1.006363	 1
1537903317.417	 0	 0.060577	 -0.406616	 -1.004074	 1
1537903317.427	 0	 0.075562	 -0.398376	 -1.012299	 1
1537903317.437	 0	 0.075806	 -0.356918	 -1.058334	 1
1537903317.447	 0	 0.075455	 -0.316269	 -1.129852	 1
1537903317.457	 0	 0.048126	 -0.292587	 -1.184555	 1
1537903317.467	 0	 0.017181	 -0.263840	 -1.210037	 1
1537903317.477	 0	 0.006790	 -0.245728	 -1.208160	 1
1537903317.487	 0	 0.001602	 -0.248337	 -1.171997	 1
1537903317.497	 0	 0.001663	 -0.255402	 -1.114777	 1
1537903317.507	 0	 0.019669	 -0.262665	 -1.063324	 1
1537903317.517	 0	 0.043701	 -0.284271	 -1.013046	 1
1537903317.527	 0	 0.053284	 -0.305267	 -0.983826	 1
1537903317.537	 0	 0.066635	 -0.312073	 -0.972366	 1
1537903317.547	 0	 0.084763	 -0.311203	 -0.975906	 1
1537903317.557	 0	 0.091278	 -0.303375	 -0.995316	 1
1537903317.567	 0	 0.076904	 -0.280914	 -1.010452	 1
1537903317.577	 0	 0.057281	 -0.244751	 -1.016388	 1
1537903317.587	 0	 0.043365	 -0.222427	 -0.998489	 1
1537903317.597	 0	 0.027115	 -0.218124	 -0.957275	 1
1537903317.607	 0	 0.009644	 -0.213654	 -0.916504	 1
1537903317.617	 0	 -0.005951	 -0.210388	 -0.891373	 1
1537903317.627	 0	 -0.021988	 -0.206375	 -0.873703	 1
1537903317.637	 0	 -0.045197	 -0.191925	 -0.867249	 1
1537903317.647	 0	 -0.071869	 -0.165085	 -0.881790	 1
1537903317.657	 0	 -0.091156	 -0.149353	 -0.891830	 1
1537903317.667	 0	 -0.097061	 -0.143097	 -0.871979	 1
1537903317.677	 0	 -0.094513	 -0.131165	 -0.826035	 1
1537903317.687	 0	 -0.087463	 -0.123871	 -0.776047	 1
1537903317.697	 0	 -0.074783	 -0.127884	 -0.724472	 1
1537903317.707	 0	 -0.050659	 -0.137329	 -0.685867	 1
1537903317.717	 0	 -0.042328	 -0.143631	 -0.660416	 1
1537903317.727	 0	 -0.049957	 -0.147171	 -0.638443	 1
1537903317.737	 0	 -0.057907	 -0.159485	 -0.614578	 1
1537903317.747	 0	 -0.055725	 -0.177246	 -0.584579	 1
1537903317.757	 0	 -0.047577	 -0.188370	 -0.567764	 1
1537903317.767	 0	 -0.042496	 -0.202713	 -0.575500	 1
1537903317.777	 0	 -0.046783	 -0.224777	 -0.608673	 1
1537903317.787	 0	 -0.050842	 -0.242401	 -0.655899	 1
1537903317.797	 0	 -0.055756	 -0.249573	 -0.697601	 1
1537903317.807	 0	 -0.059174	 -0.250778	 -0.738876	 1
1537903317.817	 0	 -0.049332	 -0.254044	 -0.789688	 1
1537903317.827	 0	 -0.045776	 -0.260086	 -0.843750	 1
1537903317.837	 0	 -0.048019	 -0.261002	 -0.897919	 1
1537903317.847	 0	 -0.053574	 -0.254089	 -0.954346	 1
1537903317.857	 0	 -0.061813	 -0.243118	 -1.011826	 1
1537903317.867	 0	 -0.078949	 -0.229462	 -1.071777	 1
1537903317.877	 0	 -0.092545	 -0.217438	 -1.141525	 1
1537903317.887	 0	 -0.097427	 -0.214645	 -1.195801	 1
1537903317.896	 0	 -0.101303	 -0.213058	 -1.218735	 1
1537903317.906	 0	 -0.111465	 -0.204239	 -1.219421	 1
1537903317.916	 0	 -0.125626	 -0.196976	 -1.199295	 1
1537903317.926	 0	 -0.137482	 -0.191711	 -1.178146	 1
1537903317.936	 0	 -0.139984	 -0.196960	 -1.164566	 1
1537903317.946	 0	 -0.142059	 -0.222137	 -1.141235	 1
1537903317.956	 0	 -0.136551	 -0.257416	 -1.106949	 1
1537903317.966	 0	 -0.112930	 -0.305511	 -1.071991	 1
1537903317.976	 0	 -0.083313	 -0.355835	 -1.039810	 1
1537903317.986	 0	 -0.070511	 -0.376129	 -1.027374	 1
1537903317.996	 0	 -0.088150	 -0.354950	 -1.044342	 1
1537903318.006	 0	 -0.122360	 -0.309128	 -1.089386	 1
1537903318.016	 0	 -0.167953	 -0.259964	 -1.161057	 1
1537903318.026	 0	 -0.203537	 -0.214462	 -1.244446	 1
1537903318.036	 0	 -0.225098	 -0.163330	 -1.278976	 1
1537903318.046	 0	 -0.238770	 -0.112488	 -1.257660	 1
1537903318.056	 0	 -0.228149	 -0.084534	 -1.222855	 1
1537903318.066	 0	 -0.189880	 -0.080231	 -1.166199	 1
1537903318.076	 0	 -0.133911	 -0.091431	 -1.093628	 1
1537903318.086	 0	 -0.077454	 -0.108337	 -1.013626	 1
1537903318.096	 0	 -0.044327	 -0.143860	 -0.946030	 1
1537903318.106	 0	 -0.030136	 -0.187439	 -0.886276	 1
1537903318.116	 0	 -0.033463	 -0.217697	 -0.836212	 1
1537903318.126	 0	 -0.063431	 -0.220993	 -0.817230	 1
1537903318.136	 0	 -0.124054	 -0.201874	 -0.825714	 1
1537903318.146	 0	 -0.187195	 -0.194839	 -0.843384	 1
1537903318.156	 0	 -0.235931	 -0.199799	 -0.861786	 1
1537903318.166	 0	 -0.253647	 -0.195541	 -0.852875	 1
1537903318.176	 0	 -0.250305	 -0.178543	 -0.819778	 1
1537903318.186	 0	 -0.242447	 -0.161026	 -0.792435	 1
1537903318.196	 0	 -0.226700	 -0.148712	 -0.772614	 1
1537903318.206	 0	 -0.196472	 -0.146454	 -0.751480	 1
1537903318.216	 0	 -0.161484	 -0.144730	 -0.738037	 1
1537903318.226	 0	 -0.135071	 -0.149475	 -0.727310	 1
1537903318.236	 0	 -0.117203	 -0.162781	 -0.709198	 1
1537903318.246	 0	 -0.104141	 -0.173080	 -0.692078	 1
1537903318.256	 0	 -0.086517	 -0.182297	 -0.689133	 1
1537903318.266	 0	 -0.065186	 -0.198700	 -0.689636	 1
1537903318.276	 0	 -0.049301	 -0.220825	 -0.680786	 1
1537903318.286	 0	 -0.040253	 -0.233063	 -0.677185	 1
1537903318.296	 0	 -0.033798	 -0.242966	 -0.681702	 1
1537903318.306	 0	 -0.028595	 -0.259964	 -0.681839	 1
1537903318.316	 0	 -0.029343	 -0.276550	 -0.684586	 1
1537903318.326	 0	 -0.030716	 -0.283646	 -0.696014	 1
1537903318.336	 0	 -0.032333	 -0.286758	 -0.709747	 1
1537903318.346	 0	 -0.041138	 -0.289993	 -0.721390	 1
1537903318.356	 0	 -0.053223	 -0.293060	 -0.729721	 1
1537903318.366	 0	 -0.062592	 -0.292847	 -0.745270	 1
1537903318.376	 0	 -0.066879	 -0.292938	 -0.782349	 1
1537903318.386	 0	 -0.070450	 -0.295471	 -0.835709	 1
1537903318.396	 0	 -0.076309	 -0.287445	 -0.882523	 1
1537903318.406	 0	 -0.085510	 -0.265289	 -0.914490	 1
1537903318.416	 0	 -0.093918	 -0.242172	 -0.941742	 1
1537903318.426	 0	 -0.105057	 -0.229477	 -0.952759	 1
1537903318.436	 0	 -0.108505	 -0.222275	 -0.945328	 1
1537903318.446	 0	 -0.109253	 -0.212997	 -0.940933	 1
1537903318.456	 0	 -0.110352	 -0.205139	 -0.955551	 1
1537903318.466	 0	 -0.103806	 -0.218903	 -0.974182	 1
1537903318.476	 0	 -0.094254	 -0.246353	 -0.977936	 1
1537903318.486	 0	 -0.081512	 -0.267258	 -0.978943	 1
1537903318.496	 0	 -0.072922	 -0.272095	 -0.994125	 1
1537903318.506	 0	 -0.075577	 -0.269287	 -1.035263	 1
1537903318.516	 0	 -0.100998	 -0.276505	 -1.077347	 1
1537903318.526	 0	 -0.126877	 -0.290695	 -1.099915	 1
1537903318.536	 0	 -0.139084	 -0.296539	 -1.148407	 1
1537903318.545	 0	 -0.146057	 -0.289978	 -1.228363	 1
1537903318.555	 0	 -0.156815	 -0.269409	 -1.303528	 1
1537903318.565	 0	 -0.178391	 -0.225876	 -1.368042	 1
1537903318.575	 0	 -0.207352	 -0.171753	 -1.423141	 1
1537903318.585	 0	 -0.230652	 -0.126053	 -1.462051	 1
1537903318.595	 0	 -0.237961	 -0.087097	 -1.495850	 1
1537903318.605	 0	 -0.232727	 -0.054718	 -1.514862	 1
1537903318.615	 0	 -0.219666	 -0.028778	 -1.488525	 1
1537903318.625	 0	 -0.200165	 -0.007202	 -1.441269	 1
1537903318.635	 0	 -0.175919	 -0.001541	 -1.378281	 1
1537903318.645	 0	 -0.140747	 -0.011627	 -1.293701	 1
1537903318.655	 0	 -0.099945	 -0.033310	 -1.211990	 1
1537903318.665	 0	 -0.064438	 -0.063431	 -1.138504	 1
1537903318.675	 0	 -0.032776	 -0.086746	 -1.088165	 1
1537903318.685	 0	 -0.006210	 -0.101715	 -1.061813	 1
1537903318.695	 0	 0.020477	 -0.109131	 -1.050781	 1
1537903318.705	 0	 0.036163	 -0.099731	 -1.053802	 1
1537903318.715	 0	 0.025314	 -0.086212	 -1.054642	 1
1537903318.725	 0	 -0.003738	 -0.069962	 -1.050568	 1
1537903318.735	 0	 -0.024673	 -0.059738	 -1.045410	 1
1537903318.745	 0	 -0.037720	 -0.065933	 -1.033813	 1
1537903318.755	 0	 -0.054077	 -0.080780	 -1.011734	 1
1537903318.765	 0	 -0.077332	 -0.092392	 -0.983154	 1
1537903318.775	 0	 -0.095856	 -0.097061	 -0.939148	 1
1537903318.785	 0	 -0.104935	 -0.103256	 -0.891388	 1
1537903318.795	 0	 -0.102921	 -0.109009	 -0.850235	 1
1537903318.805	 0	 -0.093796	 -0.115143	 -0.812820	 1
1537903318.815	 0	 -0.080994	 -0.122055	 -0.774200	 1
1537903318.825	 0	 -0.067184	 -0.132141	 -0.733780	 1
1537903318.835	 0	 -0.054871	 -0.139023	 -0.688843	 1
1537903318.845	 0	 -0.037277	 -0.142746	 -0.660477	 1
1537903318.855	 0	 -0.026016	 -0.150238	 -0.642166	 1
1537903318.865	 0	 -0.015778	 -0.158157	 -0.625809	 1
1537903318.875	 0	 -0.007446	 -0.164444	 -0.609009	 1
1537903318.885	 0	 -0.008591	 -0.169235	 -0.597122	 1
1537903318.895	 0	 -0.009537	 -0.174088	 -0.596024	 1
1537903318.905	 0	 -0.007065	 -0.182693	 -0.605255	 1
1537903318.915	 0	 -0.002747	 -0.190018	 -0.623184	 1
1537903318.925	 0	 0.004745	 -0.195084	 -0.658798	 1
1537903318.935	 0	 0.002441	 -0.205063	 -0.700195	 1
1537903318.945	 0	 -0.013275	 -0.209946	 -0.726196	 1
1537903318.955	 0	 -0.026535	 -0.201096	 -0.742599	 1
1537903318.965	 0	 -0.036819	 -0.189636	 -0.770218	 1
1537903318.975	 0	 -0.043350	 -0.182449	 -0.807037	 1
1537903318.985	 0	 -0.053909	 -0.173767	 -0.841248	 1
1537903318.995	 0	 -0.072937	 -0.158661	 -0.871216	 1
1537903319.005	 0	 -0.089447	 -0.150085	 -0.918625	 1
1537903319.015	 0	 -0.106918	 -0.144974	 -0.977112	 1
1537903319.025	 0	 -0.124893	 -0.138336	 -1.014557	 1
1537903319.035	 0	 -0.132782	 -0.126724	 -1.030960	 1
1537903319.045	 0	 -0.137848	 -0.108307	 -1.044601	 1
1537903319.055	 0	 -0.148209	 -0.086288	 -1.062927	 1
1537903319.065	 0	 -0.166397	 -0.065506	 -1.088699	 1
1537903319.075	 0	 -0.194015	 -0.054550	 -1.119385	 1
1537903319.085	 0	 -0.215225	 -0.071121	 -1.135605	 1
1537903319.095	 0	 -0.215042	 -0.121414	 -1.122299	 1
1537903319.105	 0	 -0.179214	 -0.169388	 -1.094696	 1
1537903319.115	 0	 -0.138031	 -0.186371	 -1.086197	 1
1537903319.125	 0	 -0.141144	 -0.176712	 -1.100815	 1
1537903319.135	 0	 -0.167374	 -0.153595	 -1.136688	 1
1537903319.145	 0	 -0.202332	 -0.132996	 -1.189697	 1
1537903319.155	 0	 -0.238281	 -0.108124	 -1.256378	 1
1537903319.165	 0	 -0.258255	 -0.061325	 -1.301834	 1
1537903319.175	 0	 -0.263184	 0.000626	 -1.311996	 1
1537903319.185	 0	 -0.255646	 0.042297	 -1.290115	 1
1537903319.195	 0	 -0.224411	 0.056946	 -1.251541	 1
1537903319.204	 0	 -0.183975	 0.048447	 -1.210098	 1
1537903319.214	 0	 -0.144470	 0.027176	 -1.154343	 1
1537903319.224	 0	 -0.120056	 0.001236	 -1.090347	 1
1537903319.234	 0	 -0.131271	 -0.038483	 -1.046173	 1
1537903319.244	 0	 -0.164444	 -0.081329	 -1.014236	 1
1537903319.254	 0	 -0.206223	 -0.111496	 -0.991638	 1
1537903319.264	 0	 -0.267014	 -0.128540	 -0.981781	 1
1537903319.274	 0	 -0.322998	 -0.137833	 -0.990402	 1
1537903319.284	 0	 -0.349258	 -0.148682	 -1.003250	 1
1537903319.294	 0	 -0.348648	 -0.157547	 -0.997864	 1
1537903319.304	 0	 -0.324448	 -0.150299	 -0.970322	 1
1537903319.314	 0	 -0.290756	 -0.132645	 -0.931778	 1
1537903319.324	 0	 -0.259659	 -0.120102	 -0.880875	 1
1537903319.334	 0	 -0.226700	 -0.118378	 -0.818085	 1
1537903319.344	 0	 -0.197678	 -0.122696	 -0.756653	 1
1537903319.354	 0	 -0.172623	 -0.135620	 -0.706680	 1
1537903319.364	 0	 -0.148529	 -0.153961	 -0.655640	 1
1537903319.374	 0	 -0.123688	 -0.169846	 -0.615646	 1
1537903319.384	 0	 -0.103577	 -0.184250	 -0.587433	 1
1537903319.394	 0	 -0.083435	 -0.196991	 -0.571671	 1
1537903319.404	 0	 -0.064392	 -0.207870	 -0.569260	 1
1537903319.414	 0	 -0.056854	 -0.216873	 -0.578629	 1
1537903319.424	 0	 -0.057556	 -0.225616	 -0.592453	 1
1537903319.434	 0	 -0.054077	 -0.231461	 -0.608078	 1
1537903319.444	 0	 -0.045975	 -0.232422	 -0.632904	 1
1537903319.454	 0	 -0.048874	 -0.236435	 -0.662109	 1
1537903319.464	 0	 -0.061829	 -0.242447	 -0.686447	 1
1537903319.474	 0	 -0.075623	 -0.245148	 -0.709900	 1
1537903319.484	 0	 -0.085022	 -0.253036	 -0.734314	 1
1537903319.494	 0	 -0.089951	 -0.263947	 -0.754974	 1
1537903319.504	 0	 -0.093674	 -0.267258	 -0.778732	 1
1537903319.514	 0	 -0.093338	 -0.258759	 -0.814026	 1
1537903319.524	 0	 -0.094757	 -0.253510	 -0.855011	 1
1537903319.534	 0	 -0.102158	 -0.242279	 -0.888321	 1
1537903319.544	 0	 -0.104141	 -0.221970	 -0.917831	 1
1537903319.554	 0	 -0.110962	 -0.203735	 -0.947662	 1
1537903319.564	 0	 -0.117813	 -0.188156	 -0.974655	 1
1537903319.574	 0	 -0.116440	 -0.179947	 -0.996841	 1
1537903319.584	 0	 -0.110031	 -0.180466	 -1.004639	 1
1537903319.594	 0	 -0.092911	 -0.186630	 -1.003052	 1
1537903319.604	 0	 -0.065811	 -0.202576	 -1.001984	 1
1537903319.614	 0	 -0.032593	 -0.229385	 -0.997009	 1
1537903319.624	 0	 -0.009277	 -0.251740	 -0.994171	 1
1537903319.634	 0	 -0.007599	 -0.260086	 -1.010330	 1
1537903319.644	 0	 -0.025406	 -0.261154	 -1.034210	 1
1537903319.654	 0	 -0.044785	 -0.269135	 -1.054901	 1
1537903319.664	 0	 -0.057861	 -0.285736	 -1.088287	 1
1537903319.674	 0	 -0.073914	 -0.308289	 -1.128418	 1
1537903319.684	 0	 -0.105377	 -0.310043	 -1.166962	 1
1537903319.694	 0	 -0.147018	 -0.273514	 -1.218094	 1
1537903319.704	 0	 -0.173630	 -0.224991	 -1.276901	 1
1537903319.714	 0	 -0.174805	 -0.198105	 -1.313248	 1
1537903319.724	 0	 -0.143616	 -0.186676	 -1.323776	 1
1537903319.734	 0	 -0.089890	 -0.165833	 -1.326904	 1
1537903319.744	 0	 -0.055801	 -0.134537	 -1.314926	 1
1537903319.754	 0	 -0.048340	 -0.100662	 -1.288239	 1
1537903319.764	 0	 -0.059280	 -0.081360	 -1.249344	 1
1537903319.774	 0	 -0.078369	 -0.078033	 -1.195236	 1
1537903319.784	 0	 -0.086395	 -0.084930	 -1.138687	 1
1537903319.794	 0	 -0.067825	 -0.110519	 -1.073853	 1
1537903319.804	 0	 -0.033234	 -0.145935	 -0.996826	 1
1537903319.814	 0	 0.002136	 -0.165039	 -0.936600	 1
1537903319.824	 0	 0.031082	 -0.176498	 -0.904388	 1
1537903319.833	 0	 0.055420	 -0.188950	 -0.876740	 1
1537903319.843	 0	 0.069656	 -0.194824	 -0.861893	 1
1537903319.853	 0	 0.072845	 -0.194946	 -0.858749	 1
1537903319.863	 0	 0.058395	 -0.187454	 -0.859970	 1
1537903319.873	 0	 0.027267	 -0.171829	 -0.861191	 1
1537903319.883	 0	 -0.006454	 -0.159058	 -0.864258	 1
1537903319.893	 0	 -0.034210	 -0.158585	 -0.853378	 1
1537903319.903	 0	 -0.056320	 -0.159729	 -0.827164	 1
1537903319.913	 0	 -0.075012	 -0.142715	 -0.821304	 1
1537903319.923	 0	 -0.092972	 -0.125961	 -0.839050	 1
1537903319.933	 0	 -0.113068	 -0.126801	 -0.845154	 1
1537903319.943	 0	 -0.125610	 -0.127045	 -0.834595	 1
1537903319.953	 0	 -0.118652	 -0.115997	 -0.817902	 1
1537903319.963	 0	 -0.105301	 -0.114044	 -0.798508	 1
1537903319.973	 0	 -0.087021	 -0.127335	 -0.768799	 1
1537903319.983	 0	 -0.071838	 -0.139465	 -0.726837	 1
1537903319.993	 0	 -0.058090	 -0.148239	 -0.686462	 1
1537903320.003	 0	 -0.042969	 -0.155457	 -0.663345	 1
1537903320.013	 0	 -0.041702	 -0.168365	 -0.642914	 1
1537903320.023	 0	 -0.052261	 -0.179108	 -0.640976	 1
1537903320.033	 0	 -0.063522	 -0.184494	 -0.659348	 1
1537903320.043	 0	 -0.065918	 -0.198990	 -0.679184	 1
1537903320.053	 0	 -0.062180	 -0.216934	 -0.700623	 1
1537903320.063	 0	 -0.058594	 -0.225021	 -0.724060	 1
1537903320.073	 0	 -0.062851	 -0.217834	 -0.759521	 1
1537903320.083	 0	 -0.069519	 -0.206635	 -0.806931	 1
1537903320.093	 0	 -0.071411	 -0.198105	 -0.856995	 1
1537903320.103	 0	 -0.072235	 -0.191574	 -0.898422	 1
1537903320.113	 0	 -0.080032	 -0.181595	 -0.928772	 1
1537903320.123	 0	 -0.094604	 -0.171631	 -0.949188	 1
1537903320.133	 0	 -0.103302	 -0.161530	 -0.969681	 1
1537903320.143	 0	 -0.099319	 -0.160767	 -0.997391	 1
1537903320.153	 0	 -0.094086	 -0.164948	 -1.014725	 1
1537903320.163	 0	 -0.088333	 -0.165329	 -1.020447	 1
1537903320.173	 0	 -0.081985	 -0.165131	 -1.023148	 1
1537903320.183	 0	 -0.080841	 -0.164871	 -1.031479	 1
1537903320.193	 0	 -0.093933	 -0.157074	 -1.051956	 1
1537903320.203	 0	 -0.113770	 -0.146866	 -1.072968	 1
1537903320.213	 0	 -0.121948	 -0.145950	 -1.091049	 1
1537903320.223	 0	 -0.111954	 -0.168457	 -1.108170	 1
1537903320.233	 0	 -0.093689	 -0.205612	 -1.117264	 1
1537903320.243	 0	 -0.081787	 -0.221359	 -1.129303	 1
1537903320.253	 0	 -0.108810	 -0.198395	 -1.151627	 1
1537903320.263	 0	 -0.173904	 -0.143600	 -1.209137	 1
1537903320.273	 0	 -0.235901	 -0.084808	 -1.300217	 1
1537903320.283	 0	 -0.264359	 -0.036499	 -1.379333	 1
1537903320.293	 0	 -0.274948	 0.009552	 -1.403015	 1
1537903320.303	 0	 -0.264633	 0.048340	 -1.403671	 1
1537903320.313	 0	 -0.255249	 0.079010	 -1.378204	 1
1537903320.323	 0	 -0.253235	 0.105621	 -1.302536	 1
1537903320.333	 0	 -0.250488	 0.113174	 -1.225586	 1
1537903320.343	 0	 -0.228500	 0.084427	 -1.152786	 1
1537903320.353	 0	 -0.184891	 0.031342	 -1.085556	 1
1537903320.363	 0	 -0.161606	 -0.023911	 -1.034164	 1
1537903320.373	 0	 -0.172882	 -0.065018	 -1.012863	 1
1537903320.383	 0	 -0.200378	 -0.094589	 -1.005829	 1
1537903320.393	 0	 -0.244461	 -0.113403	 -0.991043	 1
1537903320.403	 0	 -0.293808	 -0.124466	 -0.989243	 1
1537903320.413	 0	 -0.334412	 -0.131683	 -1.001282	 1
1537903320.423	 0	 -0.348877	 -0.134491	 -1.004227	 1
1537903320.433	 0	 -0.340302	 -0.126572	 -0.997757	 1
1537903320.443	 0	 -0.315536	 -0.112152	 -0.979614	 1
1537903320.453	 0	 -0.280960	 -0.099594	 -0.939331	 1
1537903320.463	 0	 -0.247452	 -0.094360	 -0.877502	 1
1537903320.473	 0	 -0.213486	 -0.093094	 -0.809006	 1
1537903320.482	 0	 -0.177673	 -0.097855	 -0.754303	 1
1537903320.492	 0	 -0.146805	 -0.114487	 -0.705215	 1
1537903320.502	 0	 -0.119186	 -0.134445	 -0.651398	 1
1537903320.512	 0	 -0.097504	 -0.149429	 -0.615417	 1
1537903320.522	 0	 -0.084183	 -0.164749	 -0.587097	 1
1537903320.532	 0	 -0.071487	 -0.182968	 -0.558975	 1
1537903320.542	 0	 -0.051437	 -0.198639	 -0.543701	 1
1537903320.552	 0	 -0.025650	 -0.212585	 -0.548813	 1
1537903320.562	 0	 -0.003815	 -0.224670	 -0.572342	 1
1537903320.572	 0	 -0.004288	 -0.238495	 -0.603333	 1
1537903320.582	 0	 -0.015717	 -0.247284	 -0.635712	 1
1537903320.592	 0	 -0.028580	 -0.247986	 -0.671646	 1
1537903320.602	 0	 -0.044540	 -0.251617	 -0.694000	 1
1537903320.612	 0	 -0.057693	 -0.255219	 -0.717163	 1
1537903320.622	 0	 -0.068848	 -0.255295	 -0.763657	 1
1537903320.632	 0	 -0.088654	 -0.254517	 -0.809540	 1
1537903320.642	 0	 -0.116379	 -0.246536	 -0.844238	 1
1537903320.652	 0	 -0.140900	 -0.234604	 -0.881744	 1
1537903320.662	 0	 -0.153793	 -0.222961	 -0.923309	 1
1537903320.672	 0	 -0.151245	 -0.212646	 -0.966995	 1
1537903320.682	 0	 -0.139328	 -0.200806	 -1.007111	 1
1537903320.692	 0	 -0.130127	 -0.181747	 -1.030441	 1
1537903320.702	 0	 -0.118134	 -0.160843	 -1.034988	 1
1537903320.712	 0	 -0.103485	 -0.144806	 -1.031784	 1
1537903320.722	 0	 -0.092789	 -0.139984	 -1.026001	 1
1537903320.732	 0	 -0.076050	 -0.149597	 -1.013580	 1
1537903320.742	 0	 -0.044144	 -0.170456	 -1.001190	 1
1537903320.752	 0	 -0.014099	 -0.195984	 -0.995544	 1
1537903320.762	 0	 -0.004028	 -0.212616	 -0.999649	 1
1537903320.772	 0	 -0.012268	 -0.220825	 -1.027130	 1
1537903320.782	 0	 -0.025208	 -0.239655	 -1.054535	 1
1537903320.792	 0	 -0.022186	 -0.273331	 -1.082352	 1
1537903320.802	 0	 -0.019318	 -0.297882	 -1.130157	 1
1537903320.812	 0	 -0.049850	 -0.273422	 -1.186737	 1
1537903320.822	 0	 -0.112000	 -0.201889	 -1.254486	 1
1537903320.832	 0	 -0.159393	 -0.145233	 -1.336166	 1
1537903320.842	 0	 -0.172974	 -0.113281	 -1.392426	 1
1537903320.852	 0	 -0.163712	 -0.076111	 -1.408417	 1
1537903320.862	 0	 -0.139145	 -0.034088	 -1.404129	 1
1537903320.872	 0	 -0.119781	 -0.007980	 -1.361496	 1
1537903320.882	 0	 -0.107071	 -0.007294	 -1.272263	 1
1537903320.892	 0	 -0.089417	 -0.016617	 -1.167206	 1
1537903320.902	 0	 -0.051544	 -0.042831	 -1.086395	 1
1537903320.912	 0	 -0.002762	 -0.093750	 -1.023239	 1
1537903320.922	 0	 0.039383	 -0.134949	 -0.972824	 1
1537903320.932	 0	 0.072296	 -0.149933	 -0.947632	 1
1537903320.942	 0	 0.093796	 -0.160828	 -0.950256	 1
1537903320.952	 0	 0.102661	 -0.172043	 -0.965134	 1
1537903320.962	 0	 0.090164	 -0.163498	 -0.984650	 1
1537903320.972	 0	 0.057083	 -0.125626	 -1.008713	 1
1537903320.982	 0	 0.029160	 -0.084839	 -1.031891	 1
1537903320.992	 0	 0.001724	 -0.072998	 -1.043427	 1
1537903321.002	 0	 -0.022476	 -0.076996	 -1.031067	 1
1537903321.012	 0	 -0.043182	 -0.079010	 -1.006561	 1
1537903321.022	 0	 -0.061218	 -0.078995	 -0.983475	 1
1537903321.032	 0	 -0.071472	 -0.087250	 -0.958679	 1
1537903321.042	 0	 -0.081635	 -0.103149	 -0.925308	 1
1537903321.052	 0	 -0.092163	 -0.109100	 -0.892197	 1
1537903321.062	 0	 -0.094589	 -0.110184	 -0.854385	 1
1537903321.072	 0	 -0.087418	 -0.114441	 -0.814651	 1
1537903321.082	 0	 -0.080673	 -0.112701	 -0.786423	 1
1537903321.092	 0	 -0.071777	 -0.114365	 -0.770447	 1
1537903321.102	 0	 -0.061752	 -0.126114	 -0.748642	 1
1537903321.112	 0	 -0.048645	 -0.138275	 -0.719894	 1
1537903321.121	 0	 -0.033768	 -0.142685	 -0.699814	 1
1537903321.131	 0	 -0.030975	 -0.149612	 -0.682800	 1
1537903321.141	 0	 -0.034653	 -0.163345	 -0.673935	 1
1537903321.151	 0	 -0.036896	 -0.179733	 -0.668930	 1
1537903321.161	 0	 -0.035187	 -0.201431	 -0.666565	 1
1537903321.171	 0	 -0.023376	 -0.224731	 -0.672424	 1
1537903321.181	 0	 -0.013428	 -0.240082	 -0.685379	 1
1537903321.191	 0	 -0.007660	 -0.247238	 -0.695465	 1
1537903321.201	 0	 0.001511	 -0.249527	 -0.699051	 1
1537903321.211	 0	 0.006729	 -0.246094	 -0.707535	 1
1537903321.221	 0	 0.006424	 -0.240189	 -0.728592	 1
1537903321.231	 0	 0.000717	 -0.232758	 -0.751099	 1
1537903321.241	 0	 -0.009918	 -0.224396	 -0.786270	 1
1537903321.251	 0	 -0.017593	 -0.224335	 -0.824814	 1
1537903321.261	 0	 -0.024963	 -0.224136	 -0.852463	 1
1537903321.271	 0	 -0.032303	 -0.217392	 -0.877396	 1
1537903321.281	 0	 -0.040375	 -0.213165	 -0.904785	 1
1537903321.291	 0	 -0.042953	 -0.212784	 -0.934296	 1
1537903321.301	 0	 -0.047729	 -0.206741	 -0.971603	 1
1537903321.311	 0	 -0.061203	 -0.187897	 -1.010040	 1
1537903321.321	 0	 -0.084000	 -0.157852	 -1.042770	 1
1537903321.331	 0	 -0.102325	 -0.132446	 -1.072708	 1
1537903321.341	 0	 -0.100311	 -0.135269	 -1.097855	 1
1537903321.351	 0	 -0.075516	 -0.163345	 -1.104279	 1
1537903321.361	 0	 -0.043808	 -0.195114	 -1.105087	 1
1537903321.371	 0	 -0.015808	 -0.213623	 -1.112579	 1
1537903321.381	 0	 -0.012604	 -0.213394	 -1.122040	 1
1537903321.391	 0	 -0.047623	 -0.204269	 -1.136948	 1
1537903321.401	 0	 -0.096420	 -0.188049	 -1.175583	 1
1537903321.411	 0	 -0.132339	 -0.166367	 -1.240646	 1
1537903321.421	 0	 -0.148270	 -0.145020	 -1.292725	 1
1537903321.431	 0	 -0.170059	 -0.118805	 -1.305603	 1
1537903321.441	 0	 -0.191544	 -0.082840	 -1.302490	 1
1537903321.451	 0	 -0.205109	 -0.050461	 -1.271561	 1
1537903321.461	 0	 -0.216492	 -0.039261	 -1.206238	 1
1537903321.471	 0	 -0.218597	 -0.054047	 -1.120331	 1
1537903321.481	 0	 -0.194489	 -0.079788	 -1.033936	 1
1537903321.491	 0	 -0.148438	 -0.118347	 -0.961853	 1
1537903321.501	 0	 -0.112946	 -0.165909	 -0.907166	 1
1537903321.511	 0	 -0.097534	 -0.208466	 -0.874680	 1
1537903321.521	 0	 -0.099808	 -0.237503	 -0.864456	 1
1537903321.531	 0	 -0.116272	 -0.254196	 -0.864014	 1
1537903321.541	 0	 -0.140594	 -0.257874	 -0.873535	 1
1537903321.551	 0	 -0.166244	 -0.259384	 -0.902817	 1
1537903321.561	 0	 -0.193161	 -0.261642	 -0.939987	 1
1537903321.571	 0	 -0.203964	 -0.250870	 -0.956924	 1
1537903321.581	 0	 -0.194687	 -0.223206	 -0.965408	 1
1537903321.591	 0	 -0.181656	 -0.195709	 -0.970749	 1
1537903321.601	 0	 -0.168350	 -0.177200	 -0.952576	 1
1537903321.611	 0	 -0.156799	 -0.163620	 -0.922302	 1
1537903321.621	 0	 -0.142914	 -0.156677	 -0.888657	 1
1537903321.631	 0	 -0.126846	 -0.159012	 -0.845413	 1
1537903321.641	 0	 -0.113205	 -0.161469	 -0.801529	 1
1537903321.651	 0	 -0.098251	 -0.165802	 -0.765808	 1
1537903321.661	 0	 -0.084869	 -0.179214	 -0.737869	 1
1537903321.671	 0	 -0.072845	 -0.194336	 -0.715515	 1
1537903321.681	 0	 -0.059174	 -0.209442	 -0.697052	 1
1537903321.691	 0	 -0.048660	 -0.226746	 -0.680817	 1
1537903321.701	 0	 -0.039474	 -0.241135	 -0.668549	 1
1537903321.711	 0	 -0.031006	 -0.253937	 -0.660065	 1
1537903321.721	 0	 -0.025757	 -0.262131	 -0.662750	 1
1537903321.731	 0	 -0.032272	 -0.270508	 -0.680145	 1
1537903321.741	 0	 -0.049606	 -0.285706	 -0.700836	 1
1537903321.751	 0	 -0.064148	 -0.298798	 -0.713562	 1
1537903321.760	 0	 -0.073990	 -0.308105	 -0.721680	 1
1537903321.770	 0	 -0.085754	 -0.312469	 -0.730408	 1
1537903321.780	 0	 -0.098572	 -0.312592	 -0.734589	 1
1537903321.790	 0	 -0.108383	 -0.316544	 -0.741089	 1
1537903321.800	 0	 -0.116257	 -0.311371	 -0.766693	 1
1537903321.810	 0	 -0.129684	 -0.302536	 -0.806290	 1
1537903321.820	 0	 -0.134048	 -0.299301	 -0.844788	 1
1537903321.830	 0	 -0.128693	 -0.287064	 -0.885422	 1
1537903321.840	 0	 -0.116745	 -0.260315	 -0.919083	 1
1537903321.850	 0	 -0.100174	 -0.239410	 -0.944534	 1
1537903321.860	 0	 -0.086472	 -0.232513	 -0.961746	 1
1537903321.870	 0	 -0.077347	 -0.228714	 -0.974381	 1
1537903321.880	 0	 -0.065308	 -0.227905	 -0.995895	 1
1537903321.890	 0	 -0.053360	 -0.245041	 -1.018082	 1
1537903321.900	 0	 -0.038559	 -0.260468	 -1.043060	 1
1537903321.910	 0	 -0.037018	 -0.257996	 -1.085037	 1
1537903321.920	 0	 -0.052795	 -0.251907	 -1.126770	 1
1537903321.930	 0	 -0.062119	 -0.262527	 -1.158249	 1
1537903321.940	 0	 -0.053543	 -0.287216	 -1.195328	 1
1537903321.950	 0	 -0.048859	 -0.293777	 -1.261108	 1
1537903321.960	 0	 -0.068466	 -0.261597	 -1.332825	 1
1537903321.970	 0	 -0.098190	 -0.210480	 -1.386673	 1
1537903321.980	 0	 -0.119934	 -0.171539	 -1.416870	 1
1537903321.990	 0	 -0.119644	 -0.151184	 -1.426605	 1
1537903322.000	 0	 -0.105408	 -0.138275	 -1.420380	 1
1537903322.010	 0	 -0.089142	 -0.123169	 -1.382935	 1
1537903322.020	 0	 -0.078400	 -0.109314	 -1.315811	 1
1537903322.030	 0	 -0.077332	 -0.104858	 -1.233627	 1
1537903322.040	 0	 -0.076920	 -0.110794	 -1.146973	 1
1537903322.050	 0	 -0.066772	 -0.132599	 -1.060043	 1
1537903322.060	 0	 -0.037384	 -0.165482	 -0.975632	 1
1537903322.070	 0	 -0.003082	 -0.198517	 -0.905334	 1
1537903322.080	 0	 0.028580	 -0.217926	 -0.857635	 1
1537903322.090	 0	 0.063171	 -0.225662	 -0.834503	 1
1537903322.100	 0	 0.092606	 -0.232864	 -0.826508	 1
1537903322.110	 0	 0.111023	 -0.233246	 -0.825348	 1
1537903322.120	 0	 0.116318	 -0.224228	 -0.834442	 1
1537903322.130	 0	 0.106232	 -0.203827	 -0.848633	 1
1537903322.140	 0	 0.077621	 -0.172791	 -0.865875	 1
1537903322.150	 0	 0.048370	 -0.145187	 -0.896606	 1
1537903322.160	 0	 0.013199	 -0.134567	 -0.934311	 1
1537903322.170	 0	 -0.025757	 -0.133163	 -0.967468	 1
1537903322.180	 0	 -0.061295	 -0.136444	 -0.983749	 1
1537903322.190	 0	 -0.084244	 -0.147308	 -0.976242	 1
1537903322.200	 0	 -0.097305	 -0.153900	 -0.940948	 1
1537903322.210	 0	 -0.100845	 -0.154968	 -0.891525	 1
1537903322.220	 0	 -0.095505	 -0.156219	 -0.847260	 1
1537903322.230	 0	 -0.085144	 -0.166595	 -0.805023	 1
1537903322.240	 0	 -0.078873	 -0.187759	 -0.768875	 1
1537903322.250	 0	 -0.076965	 -0.206238	 -0.738312	 1
1537903322.260	 0	 -0.079010	 -0.215271	 -0.714325	 1
1537903322.270	 0	 -0.078857	 -0.229401	 -0.697937	 1
1537903322.280	 0	 -0.072983	 -0.245880	 -0.686005	 1
1537903322.290	 0	 -0.061432	 -0.253906	 -0.677505	 1
1537903322.300	 0	 -0.041641	 -0.259857	 -0.676971	 1
1537903322.310	 0	 -0.031525	 -0.270370	 -0.672775	 1
1537903322.320	 0	 -0.030624	 -0.274887	 -0.664856	 1
1537903322.330	 0	 -0.027191	 -0.269470	 -0.668594	 1
1537903322.340	 0	 -0.026474	 -0.275146	 -0.686188	 1
1537903322.350	 0	 -0.026398	 -0.287369	 -0.705948	 1
1537903322.360	 0	 -0.025558	 -0.295486	 -0.729050	 1
1537903322.370	 0	 -0.030945	 -0.299088	 -0.752594	 1
1537903322.380	 0	 -0.038803	 -0.296249	 -0.774994	 1
1537903322.390	 0	 -0.042557	 -0.291077	 -0.798584	 1
1537903322.400	 0	 -0.045242	 -0.287094	 -0.825180	 1
1537903322.409	 0	 -0.052109	 -0.280685	 -0.855347	 1
1537903322.420	 0	 -0.060318	 -0.275436	 -0.885971	 1
1537903322.429	 0	 -0.064667	 -0.278061	 -0.914062	 1
1537903322.439	 0	 -0.067642	 -0.282578	 -0.943024	 1
1537903322.449	 0	 -0.075546	 -0.274582	 -0.965637	 1
1537903322.459	 0	 -0.093475	 -0.246628	 -0.993210	 1
1537903322.469	 0	 -0.118546	 -0.212433	 -1.036957	 1
1537903322.479	 0	 -0.137299	 -0.192261	 -1.078354	 1
1537903322.489	 0	 -0.136902	 -0.194748	 -1.098816	 1
1537903322.499	 0	 -0.127182	 -0.214142	 -1.107452	 1
1537903322.509	 0	 -0.117615	 -0.226501	 -1.104736	 1
1537903322.519	 0	 -0.115601	 -0.221725	 -1.110092	 1
1537903322.529	 0	 -0.143387	 -0.207275	 -1.147461	 1
1537903322.539	 0	 -0.185425	 -0.202164	 -1.199203	 1
1537903322.549	 0	 -0.216141	 -0.198425	 -1.253784	 1
1537903322.559	 0	 -0.232574	 -0.174789	 -1.299393	 1
1537903322.569	 0	 -0.245041	 -0.147064	 -1.316925	 1
1537903322.579	 0	 -0.253998	 -0.121735	 -1.318298	 1
1537903322.589	 0	 -0.250397	 -0.095535	 -1.297516	 1
1537903322.599	 0	 -0.243622	 -0.072693	 -1.254578	 1
1537903322.609	 0	 -0.235489	 -0.064590	 -1.199204	 1
1537903322.619	 0	 -0.214355	 -0.080750	 -1.138412	 1
1537903322.629	 0	 -0.178864	 -0.117371	 -1.080261	 1
1537903322.639	 0	 -0.154922	 -0.156372	 -1.033112	 1
1537903322.649	 0	 -0.157349	 -0.182220	 -0.999542	 1
1537903322.659	 0	 -0.174484	 -0.200592	 -0.977859	 1
1537903322.669	 0	 -0.205276	 -0.218536	 -0.965500	 1
1537903322.679	 0	 -0.233337	 -0.226501	 -0.966980	 1
1537903322.689	 0	 -0.254700	 -0.223862	 -0.985474	 1
1537903322.699	 0	 -0.270447	 -0.220535	 -1.003738	 1
1537903322.709	 0	 -0.280472	 -0.212296	 -1.005096	 1
1537903322.719	 0	 -0.279205	 -0.189194	 -0.993622	 1
1537903322.729	 0	 -0.266983	 -0.165955	 -0.973480	 1
1537903322.739	 0	 -0.254898	 -0.154846	 -0.936371	 1
1537903322.749	 0	 -0.235306	 -0.152267	 -0.887497	 1
1537903322.759	 0	 -0.209885	 -0.156937	 -0.846893	 1
1537903322.769	 0	 -0.186264	 -0.175201	 -0.799057	 1
1537903322.779	 0	 -0.157257	 -0.187714	 -0.749634	 1
1537903322.789	 0	 -0.123749	 -0.190186	 -0.706909	 1
1537903322.799	 0	 -0.093277	 -0.188522	 -0.676636	 1
1537903322.809	 0	 -0.068466	 -0.188080	 -0.653320	 1
1537903322.819	 0	 -0.057022	 -0.193619	 -0.641113	 1
1537903322.829	 0	 -0.052643	 -0.204193	 -0.643860	 1
1537903322.839	 0	 -0.053726	 -0.218002	 -0.666962	 1
1537903322.849	 0	 -0.065384	 -0.231079	 -0.677002	 1
1537903322.859	 0	 -0.060577	 -0.232605	 -0.680832	 1
1537903322.869	 0	 -0.055023	 -0.221130	 -0.692062	 1
1537903322.879	 0	 -0.059845	 -0.214188	 -0.712265	 1
1537903322.889	 0	 -0.077164	 -0.217560	 -0.746323	 1
1537903322.899	 0	 -0.095901	 -0.227371	 -0.791687	 1
1537903322.909	 0	 -0.107819	 -0.239197	 -0.820999	 1
1537903322.919	 0	 -0.117661	 -0.238708	 -0.840378	 1
1537903322.929	 0	 -0.120361	 -0.234695	 -0.864548	 1
1537903322.939	 0	 -0.116425	 -0.241119	 -0.877975	 1
1537903322.949	 0	 -0.110886	 -0.241440	 -0.886017	 1
1537903322.959	 0	 -0.101852	 -0.231979	 -0.903717	 1
1537903322.969	 0	 -0.093445	 -0.229645	 -0.916580	 1
1537903322.979	 0	 -0.081345	 -0.226837	 -0.921906	 1
1537903322.989	 0	 -0.063492	 -0.222824	 -0.938034	 1
1537903322.999	 0	 -0.043457	 -0.227112	 -0.952026	 1
1537903323.009	 0	 -0.028702	 -0.237564	 -0.955750	 1
1537903323.019	 0	 -0.011917	 -0.250809	 -0.954727	 1
1537903323.029	 0	 0.007950	 -0.266068	 -0.961960	 1
1537903323.039	 0	 0.018463	 -0.277023	 -0.979874	 1
1537903323.049	 0	 0.012680	 -0.276123	 -1.017014	 1
1537903323.058	 0	 0.004929	 -0.275116	 -1.047348	 1
1537903323.068	 0	 0.005096	 -0.291168	 -1.058060	 1
1537903323.078	 0	 0.016556	 -0.317642	 -1.078613	 1
1537903323.088	 0	 0.025314	 -0.328049	 -1.111664	 1
1537903323.098	 0	 0.003540	 -0.305313	 -1.146866	 1
1537903323.108	 0	 -0.036667	 -0.266251	 -1.186203	 1
1537903323.118	 0	 -0.067307	 -0.237183	 -1.229324	 1
1537903323.128	 0	 -0.077881	 -0.210983	 -1.265244	 1
1537903323.138	 0	 -0.062210	 -0.180130	 -1.297974	 1
1537903323.148	 0	 -0.034561	 -0.156296	 -1.319687	 1
1537903323.158	 0	 -0.027878	 -0.140137	 -1.301865	 1
1537903323.168	 0	 -0.042877	 -0.123932	 -1.248596	 1
1537903323.178	 0	 -0.070969	 -0.110413	 -1.176514	 1
1537903323.188	 0	 -0.076248	 -0.118790	 -1.105347	 1
1537903323.198	 0	 -0.036865	 -0.160034	 -1.037445	 1
1537903323.208	 0	 0.011642	 -0.205902	 -0.975449	 1
1537903323.218	 0	 0.049500	 -0.230484	 -0.923798	 1
1537903323.228	 0	 0.083466	 -0.239990	 -0.890274	 1
1537903323.238	 0	 0.107712	 -0.246414	 -0.869583	 1
1537903323.248	 0	 0.124496	 -0.246506	 -0.859833	 1
1537903323.258	 0	 0.131882	 -0.233215	 -0.864471	 1
1537903323.268	 0	 0.121872	 -0.217834	 -0.875107	 1
1537903323.278	 0	 0.089020	 -0.197083	 -0.898285	 1
1537903323.288	 0	 0.035446	 -0.167923	 -0.934799	 1
1537903323.298	 0	 -0.020111	 -0.141296	 -0.966522	 1
1537903323.308	 0	 -0.064346	 -0.126328	 -0.977921	 1
1537903323.318	 0	 -0.090485	 -0.115082	 -0.969391	 1
1537903323.328	 0	 -0.099197	 -0.107254	 -0.957428	 1
1537903323.338	 0	 -0.097961	 -0.104202	 -0.928391	 1
1537903323.348	 0	 -0.094360	 -0.095825	 -0.882889	 1
1537903323.358	 0	 -0.086517	 -0.084442	 -0.843323	 1
1537903323.368	 0	 -0.078003	 -0.082642	 -0.809799	 1
1537903323.378	 0	 -0.075012	 -0.090469	 -0.776138	 1
1537903323.388	 0	 -0.072174	 -0.104752	 -0.735657	 1
1537903323.398	 0	 -0.061386	 -0.118500	 -0.694672	 1
1537903323.408	 0	 -0.053787	 -0.135941	 -0.664505	 1
1537903323.418	 0	 -0.048553	 -0.157974	 -0.644958	 1
1537903323.428	 0	 -0.038849	 -0.182510	 -0.630264	 1
1537903323.438	 0	 -0.024597	 -0.204834	 -0.618927	 1
1537903323.448	 0	 -0.007202	 -0.223557	 -0.618286	 1
1537903323.458	 0	 0.014069	 -0.233154	 -0.639450	 1
1537903323.468	 0	 0.034103	 -0.238968	 -0.679184	 1
1537903323.478	 0	 0.034561	 -0.246719	 -0.712921	 1
1537903323.488	 0	 0.016205	 -0.242752	 -0.739197	 1
1537903323.498	 0	 -0.003326	 -0.227539	 -0.783569	 1
1537903323.508	 0	 -0.009369	 -0.225708	 -0.834473	 1
1537903323.518	 0	 -0.018723	 -0.236008	 -0.878067	 1
1537903323.528	 0	 -0.029114	 -0.236984	 -0.917969	 1
1537903323.538	 0	 -0.036667	 -0.226883	 -0.958145	 1
1537903323.548	 0	 -0.050140	 -0.217545	 -1.003906	 1
1537903323.558	 0	 -0.067123	 -0.212692	 -1.039062	 1
1537903323.568	 0	 -0.083527	 -0.202972	 -1.063690	 1
1537903323.578	 0	 -0.099976	 -0.182800	 -1.087662	 1
1537903323.588	 0	 -0.110748	 -0.154327	 -1.111893	 1
1537903323.598	 0	 -0.115402	 -0.130600	 -1.144363	 1
1537903323.608	 0	 -0.118347	 -0.125916	 -1.168381	 1
1537903323.618	 0	 -0.113068	 -0.145294	 -1.177124	 1
1537903323.628	 0	 -0.106506	 -0.175247	 -1.169067	 1
1537903323.638	 0	 -0.100677	 -0.191223	 -1.151672	 1
1537903323.648	 0	 -0.103653	 -0.190155	 -1.145721	 1
1537903323.658	 0	 -0.126968	 -0.187012	 -1.162827	 1
1537903323.668	 0	 -0.156158	 -0.185944	 -1.182755	 1
1537903323.678	 0	 -0.178009	 -0.174042	 -1.200211	 1
1537903323.688	 0	 -0.195740	 -0.142273	 -1.223282	 1
1537903323.697	 0	 -0.203308	 -0.103134	 -1.232056	 1
1537903323.707	 0	 -0.199051	 -0.058090	 -1.223160	 1
1537903323.717	 0	 -0.186218	 -0.027924	 -1.219116	 1
1537903323.727	 0	 -0.169342	 -0.020508	 -1.194962	 1
1537903323.737	 0	 -0.153412	 -0.023148	 -1.141006	 1
1537903323.747	 0	 -0.133835	 -0.036102	 -1.079010	 1
1537903323.757	 0	 -0.098328	 -0.062927	 -1.024017	 1
1537903323.767	 0	 -0.069229	 -0.102081	 -0.979355	 1
1537903323.777	 0	 -0.068024	 -0.141190	 -0.947327	 1
1537903323.787	 0	 -0.084564	 -0.170044	 -0.927383	 1
1537903323.797	 0	 -0.119843	 -0.187866	 -0.923233	 1
1537903323.807	 0	 -0.162140	 -0.187790	 -0.944504	 1
1537903323.817	 0	 -0.209961	 -0.186142	 -0.976791	 1
1537903323.827	 0	 -0.251678	 -0.187607	 -1.000290	 1
1537903323.837	 0	 -0.263077	 -0.176346	 -0.997620	 1
1537903323.847	 0	 -0.241058	 -0.153427	 -0.978912	 1
1537903323.857	 0	 -0.215286	 -0.137833	 -0.941467	 1
1537903323.867	 0	 -0.191864	 -0.132446	 -0.883179	 1
1537903323.877	 0	 -0.166702	 -0.128296	 -0.826736	 1
1537903323.887	 0	 -0.144867	 -0.138107	 -0.780640	 1
1537903323.897	 0	 -0.123276	 -0.159180	 -0.737747	 1
1537903323.907	 0	 -0.101669	 -0.174301	 -0.696548	 1
1537903323.917	 0	 -0.084824	 -0.183121	 -0.665527	 1
1537903323.927	 0	 -0.061722	 -0.194427	 -0.651642	 1
1537903323.937	 0	 -0.041306	 -0.211136	 -0.642960	 1
1537903323.947	 0	 -0.024399	 -0.222748	 -0.640305	 1
1537903323.957	 0	 -0.018509	 -0.228546	 -0.650604	 1
1537903323.967	 0	 -0.023163	 -0.233353	 -0.660995	 1
1537903323.977	 0	 -0.030029	 -0.235733	 -0.680893	 1
1537903323.987	 0	 -0.043213	 -0.238037	 -0.709976	 1
1537903323.997	 0	 -0.054855	 -0.243896	 -0.730209	 1
1537903324.007	 0	 -0.054459	 -0.250183	 -0.744308	 1
1537903324.017	 0	 -0.050293	 -0.258972	 -0.765533	 1
1537903324.027	 0	 -0.052597	 -0.269791	 -0.790421	 1
1537903324.037	 0	 -0.061295	 -0.272919	 -0.815781	 1
1537903324.047	 0	 -0.068359	 -0.271347	 -0.844147	 1
1537903324.057	 0	 -0.070648	 -0.265472	 -0.880783	 1
1537903324.067	 0	 -0.074921	 -0.258133	 -0.914352	 1
1537903324.077	 0	 -0.083481	 -0.245529	 -0.937057	 1
1537903324.087	 0	 -0.089264	 -0.224609	 -0.951553	 1
1537903324.097	 0	 -0.085312	 -0.201584	 -0.965378	 1
1537903324.107	 0	 -0.074188	 -0.188843	 -0.976624	 1
1537903324.117	 0	 -0.059464	 -0.183655	 -0.985672	 1
1537903324.127	 0	 -0.049728	 -0.182419	 -0.986588	 1
1537903324.137	 0	 -0.045609	 -0.187790	 -0.982803	 1
1537903324.147	 0	 -0.041916	 -0.209625	 -0.988953	 1
1537903324.157	 0	 -0.025131	 -0.230896	 -1.001633	 1
1537903324.167	 0	 -0.016388	 -0.238983	 -1.008743	 1
1537903324.177	 0	 -0.035309	 -0.235855	 -1.012909	 1
1537903324.187	 0	 -0.035812	 -0.235977	 -1.043381	 1
1537903324.197	 0	 -0.007553	 -0.256180	 -1.079239	 1
1537903324.207	 0	 0.006943	 -0.282684	 -1.087631	 1
1537903324.217	 0	 -0.017059	 -0.267593	 -1.099274	 1
1537903324.227	 0	 -0.059402	 -0.209244	 -1.183746	 1
1537903324.237	 0	 -0.090210	 -0.183960	 -1.284424	 1
1537903324.247	 0	 -0.066406	 -0.185883	 -1.348221	 1
1537903324.257	 0	 -0.006683	 -0.162048	 -1.364700	 1
1537903324.267	 0	 0.020447	 -0.120514	 -1.338623	 1
1537903324.277	 0	 0.000961	 -0.081833	 -1.277252	 1
1537903324.287	 0	 -0.032883	 -0.055222	 -1.246201	 1
1537903324.297	 0	 -0.068237	 -0.077560	 -1.210983	 1
1537903324.307	 0	 -0.090958	 -0.105392	 -1.139694	 1
1537903324.317	 0	 -0.109970	 -0.131516	 -1.069824	 1
1537903324.327	 0	 -0.115433	 -0.146103	 -1.007492	 1
1537903324.337	 0	 -0.092346	 -0.142151	 -0.964050	 1
1537903324.347	 0	 -0.007111	 -0.148788	 -0.930283	 1
1537903324.356	 0	 0.068588	 -0.149048	 -0.875763	 1
1537903324.366	 0	 0.082565	 -0.141510	 -0.857147	 1
1537903324.376	 0	 0.066650	 -0.156235	 -0.870743	 1
1537903324.386	 0	 0.070343	 -0.175751	 -0.831314	 1
1537903324.396	 0	 0.077103	 -0.198471	 -0.813873	 1
1537903324.406	 0	 0.125214	 -0.240768	 -0.865341	 1
1537903324.416	 0	 0.023682	 -0.247742	 -1.033859	 1
1537903324.426	 0	 -0.102203	 -0.151001	 -0.897141	 1
1537903324.436	 0	 -0.121597	 -0.165131	 -0.998917	 1
1537903324.446	 0	 -0.092773	 -0.149445	 -1.055984	 1
1537903324.456	 0	 -0.069901	 -0.104752	 -1.046951	 1
1537903324.466	 0	 -0.068481	 -0.087326	 -0.986221	 1
1537903324.476	 0	 -0.051804	 -0.070389	 -0.952728	 1
1537903324.486	 0	 -0.015808	 -0.096329	 -0.987122	 1
1537903324.496	 0	 -0.061966	 -0.142807	 -0.993256	 1
1537903324.506	 0	 -0.061142	 -0.132233	 -0.937347	 1
1537903324.516	 0	 -0.064407	 -0.147858	 -0.876358	 1
1537903324.526	 0	 -0.083923	 -0.163788	 -0.848160	 1
1537903324.536	 0	 -0.104691	 -0.183456	 -0.816605	 1
1537903324.546	 0	 -0.110352	 -0.204788	 -0.764923	 1
1537903324.556	 0	 -0.091675	 -0.221817	 -0.719513	 1
1537903324.566	 0	 -0.061066	 -0.247818	 -0.694138	 1
1537903324.576	 0	 -0.037903	 -0.271072	 -0.689941	 1
1537903324.586	 0	 -0.025421	 -0.287903	 -0.707260	 1
1537903324.596	 0	 -0.024948	 -0.298355	 -0.721085	 1
1537903324.606	 0	 -0.023834	 -0.299362	 -0.733154	 1
1537903324.616	 0	 -0.018875	 -0.309128	 -0.750443	 1
1537903324.626	 0	 -0.024811	 -0.315414	 -0.755112	 1
1537903324.636	 0	 -0.031097	 -0.302887	 -0.773041	 1
1537903324.646	 0	 -0.031342	 -0.303940	 -0.836548	 1
1537903324.656	 0	 -0.032715	 -0.314911	 -0.905365	 1
1537903324.666	 0	 -0.034790	 -0.308685	 -0.926697	 1
1537903324.676	 0	 -0.030777	 -0.294586	 -0.928726	 1
1537903324.686	 0	 -0.027969	 -0.288315	 -0.944504	 1
1537903324.696	 0	 -0.024338	 -0.292679	 -0.967300	 1
1537903324.706	 0	 -0.024536	 -0.295517	 -0.986832	 1
1537903324.716	 0	 -0.032623	 -0.285660	 -1.005264	 1
1537903324.726	 0	 -0.047394	 -0.269150	 -1.025665	 1
1537903324.736	 0	 -0.047699	 -0.257874	 -1.054962	 1
1537903324.746	 0	 -0.037689	 -0.268799	 -1.075577	 1
1537903324.756	 0	 -0.014526	 -0.288467	 -1.062988	 1
1537903324.766	 0	 0.012833	 -0.308594	 -1.045792	 1
1537903324.776	 0	 0.021301	 -0.323425	 -1.045044	 1
1537903324.786	 0	 0.007019	 -0.328506	 -1.048706	 1
1537903324.796	 0	 -0.024994	 -0.320068	 -1.050476	 1
1537903324.806	 0	 -0.056229	 -0.296707	 -1.083923	 1
1537903324.816	 0	 -0.084991	 -0.267151	 -1.137192	 1
1537903324.826	 0	 -0.117645	 -0.227081	 -1.168930	 1
1537903324.836	 0	 -0.146469	 -0.177704	 -1.172012	 1
1537903324.846	 0	 -0.167923	 -0.150803	 -1.164764	 1
1537903324.856	 0	 -0.172516	 -0.147903	 -1.135529	 1
1537903324.866	 0	 -0.144501	 -0.163300	 -1.085571	 1
1537903324.876	 0	 -0.105133	 -0.195908	 -1.020859	 1
1537903324.886	 0	 -0.062424	 -0.229477	 -0.954910	 1
1537903324.896	 0	 -0.042725	 -0.263245	 -0.901932	 1
1537903324.906	 0	 -0.047958	 -0.288788	 -0.864395	 1
1537903324.916	 0	 -0.066498	 -0.307449	 -0.850372	 1
1537903324.926	 0	 -0.093140	 -0.316574	 -0.862854	 1
1537903324.936	 0	 -0.130997	 -0.311539	 -0.883972	 1
1537903324.946	 0	 -0.164703	 -0.297653	 -0.917725	 1
1537903324.956	 0	 -0.194870	 -0.279755	 -0.960571	 1
1537903324.966	 0	 -0.208313	 -0.262466	 -0.991669	 1
1537903324.976	 0	 -0.206131	 -0.245865	 -0.995422	 1
1537903324.986	 0	 -0.190063	 -0.234375	 -0.965927	 1
1537903324.996	 0	 -0.157394	 -0.234589	 -0.909119	 1
1537903325.005	 0	 -0.123413	 -0.246155	 -0.843628	 1
1537903325.015	 0	 -0.091660	 -0.253494	 -0.781082	 1
1537903325.025	 0	 -0.063385	 -0.256729	 -0.728424	 1
1537903325.035	 0	 -0.037674	 -0.262360	 -0.688065	 1
1537903325.045	 0	 -0.024200	 -0.266052	 -0.664200	 1
1537903325.055	 0	 -0.014725	 -0.274246	 -0.655289	 1
1537903325.065	 0	 -0.004135	 -0.287643	 -0.642883	 1
1537903325.075	 0	 0.004181	 -0.301575	 -0.638260	 1
1537903325.085	 0	 0.009171	 -0.317612	 -0.641785	 1
1537903325.095	 0	 0.009399	 -0.331100	 -0.649704	 1
1537903325.105	 0	 0.003647	 -0.343735	 -0.664154	 1
1537903325.115	 0	 -0.000015	 -0.356674	 -0.689285	 1
1537903325.125	 0	 -0.003540	 -0.376099	 -0.709641	 1
1537903325.135	 0	 -0.010162	 -0.389130	 -0.724884	 1
1537903325.145	 0	 -0.033142	 -0.398148	 -0.744781	 1
1537903325.155	 0	 -0.061081	 -0.406067	 -0.772766	 1
1537903325.165	 0	 -0.081619	 -0.407333	 -0.805954	 1
1537903325.175	 0	 -0.098495	 -0.405075	 -0.850418	 1
1537903325.185	 0	 -0.116943	 -0.403030	 -0.894989	 1
1537903325.195	 0	 -0.128128	 -0.390503	 -0.930679	 1
1537903325.205	 0	 -0.134384	 -0.367889	 -0.961761	 1
1537903325.215	 0	 -0.133240	 -0.348663	 -0.983307	 1
1537903325.225	 0	 -0.125702	 -0.332321	 -0.987778	 1
1537903325.235	 0	 -0.105881	 -0.323273	 -0.987259	 1
1537903325.245	 0	 -0.081131	 -0.326416	 -0.977982	 1
1537903325.255	 0	 -0.053482	 -0.337708	 -0.957245	 1
1537903325.265	 0	 -0.024307	 -0.356094	 -0.928726	 1
1537903325.275	 0	 0.002518	 -0.386871	 -0.911423	 1
1537903325.285	 0	 0.020111	 -0.414276	 -0.908707	 1
1537903325.295	 0	 0.020813	 -0.421692	 -0.924210	 1
1537903325.305	 0	 0.008255	 -0.428955	 -0.949768	 1
1537903325.315	 0	 0.002960	 -0.447495	 -0.978531	 1
1537903325.325	 0	 0.006485	 -0.460922	 -1.016602	 1
1537903325.335	 0	 -0.003799	 -0.453873	 -1.053406	 1
1537903325.345	 0	 -0.041397	 -0.408401	 -1.094757	 1
1537903325.355	 0	 -0.091522	 -0.363220	 -1.159607	 1
1537903325.365	 0	 -0.115814	 -0.342255	 -1.225327	 1
1537903325.375	 0	 -0.107330	 -0.325363	 -1.266937	 1
1537903325.385	 0	 -0.100113	 -0.303696	 -1.283508	 1
1537903325.395	 0	 -0.091522	 -0.280594	 -1.262268	 1
1537903325.405	 0	 -0.080627	 -0.266708	 -1.216980	 1
1537903325.415	 0	 -0.077469	 -0.263611	 -1.166077	 1
1537903325.425	 0	 -0.079620	 -0.261658	 -1.108856	 1
1537903325.435	 0	 -0.078110	 -0.267197	 -1.048645	 1
1537903325.445	 0	 -0.062759	 -0.284744	 -0.981064	 1
1537903325.455	 0	 -0.031128	 -0.296356	 -0.915863	 1
1537903325.465	 0	 0.013184	 -0.302856	 -0.867065	 1
1537903325.475	 0	 0.045212	 -0.302841	 -0.837585	 1
1537903325.485	 0	 0.066086	 -0.301117	 -0.822449	 1
1537903325.495	 0	 0.080551	 -0.300339	 -0.821487	 1
1537903325.505	 0	 0.084183	 -0.301849	 -0.833588	 1
1537903325.515	 0	 0.081604	 -0.302032	 -0.855881	 1
1537903325.525	 0	 0.069458	 -0.295639	 -0.872192	 1
1537903325.535	 0	 0.050598	 -0.287369	 -0.881775	 1
1537903325.545	 0	 0.030701	 -0.283661	 -0.892609	 1
1537903325.555	 0	 0.013245	 -0.283585	 -0.906769	 1
1537903325.565	 0	 -0.004745	 -0.284027	 -0.916595	 1
1537903325.575	 0	 -0.024445	 -0.282639	 -0.916855	 1
1537903325.585	 0	 -0.037994	 -0.276916	 -0.914597	 1
1537903325.595	 0	 -0.046539	 -0.274185	 -0.908539	 1
1537903325.605	 0	 -0.051987	 -0.268250	 -0.898758	 1
1537903325.615	 0	 -0.054825	 -0.262054	 -0.884415	 1
1537903325.625	 0	 -0.052368	 -0.263504	 -0.864670	 1
1537903325.635	 0	 -0.044998	 -0.267212	 -0.833328	 1
1537903325.644	 0	 -0.035034	 -0.266296	 -0.798080	 1
1537903325.654	 0	 -0.024414	 -0.269241	 -0.771942	 1
1537903325.664	 0	 -0.013596	 -0.281631	 -0.749603	 1
1537903325.674	 0	 -0.008102	 -0.286942	 -0.730637	 1
1537903325.684	 0	 -0.011063	 -0.293137	 -0.714508	 1
1537903325.694	 0	 -0.007187	 -0.304520	 -0.709427	 1
1537903325.704	 0	 0.000015	 -0.320160	 -0.714676	 1
1537903325.714	 0	 0.000122	 -0.336563	 -0.718155	 1
1537903325.724	 0	 -0.003983	 -0.339828	 -0.722443	 1
1537903325.734	 0	 -0.003128	 -0.341278	 -0.744049	 1
1537903325.744	 0	 0.002701	 -0.349472	 -0.783798	 1
1537903325.754	 0	 0.000183	 -0.357956	 -0.827301	 1
1537903325.764	 0	 -0.014420	 -0.357269	 -0.863647	 1
1537903325.774	 0	 -0.031052	 -0.348862	 -0.893417	 1
1537903325.784	 0	 -0.037231	 -0.339889	 -0.916550	 1
1537903325.794	 0	 -0.030060	 -0.338943	 -0.940598	 1
1537903325.804	 0	 -0.019043	 -0.343063	 -0.954102	 1
1537903325.814	 0	 -0.014160	 -0.341461	 -0.958389	 1
1537903325.824	 0	 -0.012344	 -0.346390	 -0.961426	 1
1537903325.834	 0	 -0.013763	 -0.353241	 -0.962906	 1
1537903325.844	 0	 -0.016830	 -0.357208	 -0.968399	 1
1537903325.854	 0	 -0.026779	 -0.357681	 -0.988144	 1
1537903325.864	 0	 -0.038620	 -0.352829	 -1.013184	 1
1537903325.874	 0	 -0.049438	 -0.356445	 -1.032730	 1
1537903325.884	 0	 -0.044479	 -0.379868	 -1.042938	 1
1537903325.894	 0	 -0.011047	 -0.415131	 -1.034912	 1
1537903325.904	 0	 0.014954	 -0.432205	 -1.019104	 1
1537903325.914	 0	 0.005112	 -0.425598	 -1.020340	 1
1537903325.924	 0	 -0.034225	 -0.416885	 -1.039383	 1
1537903325.934	 0	 -0.081116	 -0.398209	 -1.077271	 1
1537903325.944	 0	 -0.125183	 -0.358261	 -1.131287	 1
1537903325.954	 0	 -0.160263	 -0.310287	 -1.180161	 1
1537903325.964	 0	 -0.184662	 -0.261612	 -1.205750	 1
1537903325.974	 0	 -0.190598	 -0.217987	 -1.221664	 1
1537903325.984	 0	 -0.187439	 -0.188736	 -1.203308	 1
1537903325.994	 0	 -0.166245	 -0.170029	 -1.156265	 1
1537903326.004	 0	 -0.127716	 -0.180115	 -1.100403	 1
1537903326.014	 0	 -0.078537	 -0.212616	 -1.041473	 1
1537903326.024	 0	 -0.044434	 -0.254745	 -0.981705	 1
1537903326.034	 0	 -0.027802	 -0.293869	 -0.925552	 1
1537903326.044	 0	 -0.019440	 -0.329788	 -0.881424	 1
1537903326.054	 0	 -0.028046	 -0.361938	 -0.857559	 1
1537903326.064	 0	 -0.047272	 -0.381851	 -0.846313	 1
1537903326.074	 0	 -0.077591	 -0.384750	 -0.835327	 1
1537903326.084	 0	 -0.111877	 -0.381805	 -0.833466	 1
1537903326.094	 0	 -0.137985	 -0.382187	 -0.837387	 1
1537903326.104	 0	 -0.148514	 -0.375916	 -0.838745	 1
1537903326.114	 0	 -0.150085	 -0.358780	 -0.840240	 1
1537903326.124	 0	 -0.144440	 -0.337509	 -0.846909	 1
1537903326.134	 0	 -0.134628	 -0.317245	 -0.849915	 1
1537903326.144	 0	 -0.117401	 -0.302856	 -0.845215	 1
1537903326.154	 0	 -0.098526	 -0.288086	 -0.833115	 1
1537903326.164	 0	 -0.077194	 -0.278168	 -0.813095	 1
1537903326.174	 0	 -0.051987	 -0.274765	 -0.786163	 1
1537903326.184	 0	 -0.031311	 -0.277130	 -0.757965	 1
1537903326.194	 0	 -0.017944	 -0.283615	 -0.729767	 1
1537903326.204	 0	 -0.007401	 -0.299316	 -0.709183	 1
1537903326.214	 0	 -0.004288	 -0.323318	 -0.693253	 1
1537903326.224	 0	 -0.002228	 -0.342712	 -0.681015	 1
1537903326.234	 0	 -0.003189	 -0.361954	 -0.673447	 1
1537903326.244	 0	 -0.005981	 -0.381393	 -0.671082	 1
1537903326.254	 0	 -0.017746	 -0.394562	 -0.673645	 1
1537903326.264	 0	 -0.035171	 -0.413605	 -0.684204	 1
1537903326.274	 0	 -0.051910	 -0.433273	 -0.695190	 1
1537903326.284	 0	 -0.065384	 -0.444778	 -0.704498	 1
1537903326.293	 0	 -0.077423	 -0.449112	 -0.719315	 1
1537903326.303	 0	 -0.086411	 -0.447556	 -0.738403	 1
1537903326.313	 0	 -0.094498	 -0.442581	 -0.767853	 1
1537903326.323	 0	 -0.112991	 -0.432404	 -0.790451	 1
1537903326.333	 0	 -0.117935	 -0.420578	 -0.802994	 1
1537903326.343	 0	 -0.100998	 -0.412125	 -0.817169	 1
1537903326.353	 0	 -0.079575	 -0.400772	 -0.835114	 1
1537903326.363	 0	 -0.071350	 -0.384308	 -0.849289	 1
1537903326.373	 0	 -0.063202	 -0.365128	 -0.862747	 1
1537903326.383	 0	 -0.055725	 -0.351334	 -0.870422	 1
1537903326.393	 0	 -0.045273	 -0.345169	 -0.875687	 1
1537903326.403	 0	 -0.026123	 -0.348053	 -0.889786	 1
1537903326.413	 0	 -0.003037	 -0.361115	 -0.884064	 1
1537903326.423	 0	 0.015366	 -0.379639	 -0.872971	 1
1537903326.433	 0	 0.018784	 -0.392517	 -0.882019	 1
1537903326.443	 0	 0.010147	 -0.395187	 -0.902756	 1
1537903326.453	 0	 -0.003021	 -0.399673	 -0.926712	 1
1537903326.463	 0	 -0.006454	 -0.416779	 -0.945465	 1
1537903326.473	 0	 0.011902	 -0.448120	 -0.959167	 1
1537903326.483	 0	 0.035446	 -0.465256	 -0.997223	 1
1537903326.493	 0	 0.030762	 -0.442261	 -1.065887	 1
1537903326.503	 0	 0.000137	 -0.396515	 -1.139801	 1
1537903326.513	 0	 -0.036804	 -0.362900	 -1.192902	 1
1537903326.523	 0	 -0.050720	 -0.330856	 -1.230850	 1
1537903326.533	 0	 -0.044403	 -0.289932	 -1.256729	 1
1537903326.543	 0	 -0.034454	 -0.258072	 -1.261536	 1
1537903326.553	 0	 -0.033051	 -0.239746	 -1.237137	 1
1537903326.563	 0	 -0.038300	 -0.226730	 -1.182755	 1
1537903326.573	 0	 -0.039856	 -0.227600	 -1.118027	 1
1537903326.583	 0	 -0.018524	 -0.253098	 -1.054337	 1
1537903326.593	 0	 0.021790	 -0.296692	 -1.002884	 1
1537903326.603	 0	 0.053726	 -0.328918	 -0.974091	 1
1537903326.613	 0	 0.073151	 -0.336563	 -0.962860	 1
1537903326.623	 0	 0.085648	 -0.333832	 -0.954163	 1
1537903326.633	 0	 0.081329	 -0.322464	 -0.956406	 1
1537903326.643	 0	 0.062927	 -0.305344	 -0.972427	 1
1537903326.653	 0	 0.046646	 -0.283722	 -0.978775	 1
1537903326.663	 0	 0.038116	 -0.265793	 -0.963348	 1
1537903326.673	 0	 0.028793	 -0.259796	 -0.937836	 1
1537903326.683	 0	 0.014969	 -0.259415	 -0.903931	 1
1537903326.693	 0	 0.013321	 -0.253357	 -0.872635	 1
1537903326.703	 0	 0.000244	 -0.252853	 -0.830780	 1
1537903326.713	 0	 -0.018219	 -0.256104	 -0.792679	 1
1537903326.723	 0	 -0.034302	 -0.248413	 -0.781174	 1
1537903326.733	 0	 -0.050262	 -0.228180	 -0.785233	 1
1537903326.743	 0	 -0.054306	 -0.204300	 -0.798370	 1
1537903326.753	 0	 -0.045364	 -0.179031	 -0.808075	 1
1537903326.763	 0	 -0.033173	 -0.153748	 -0.824738	 1
1537903326.773	 0	 -0.030762	 -0.148972	 -0.840958	 1
1537903326.783	 0	 -0.030930	 -0.161392	 -0.843018	 1
1537903326.793	 0	 -0.035217	 -0.175964	 -0.835938	 1
1537903326.803	 0	 -0.031631	 -0.186401	 -0.817505	 1
1537903326.813	 0	 -0.011551	 -0.198471	 -0.793747	 1
1537903326.823	 0	 0.007996	 -0.217255	 -0.759445	 1
1537903326.833	 0	 0.018967	 -0.237061	 -0.729950	 1
1537903326.843	 0	 0.019043	 -0.263351	 -0.723511	 1
1537903326.853	 0	 0.016403	 -0.287460	 -0.734421	 1
1537903326.863	 0	 0.009796	 -0.301804	 -0.748581	 1
1537903326.873	 0	 -0.002655	 -0.307999	 -0.762146	 1
1537903326.883	 0	 -0.011139	 -0.311981	 -0.784027	 1
1537903326.893	 0	 -0.014053	 -0.314743	 -0.812256	 1
1537903326.903	 0	 -0.016861	 -0.313126	 -0.843338	 1
1537903326.913	 0	 -0.008728	 -0.302780	 -0.868591	 1
1537903326.922	 0	 -0.001923	 -0.283798	 -0.885681	 1
1537903326.932	 0	 -0.002777	 -0.273041	 -0.918488	 1
1537903326.942	 0	 -0.007111	 -0.274414	 -0.965378	 1
1537903326.952	 0	 -0.008514	 -0.268906	 -1.000839	 1
1537903326.962	 0	 -0.007950	 -0.266647	 -1.018936	 1
1537903326.972	 0	 -0.000580	 -0.277908	 -1.030441	 1
1537903326.982	 0	 0.006561	 -0.292084	 -1.041656	 1
1537903326.992	 0	 0.001038	 -0.290375	 -1.040054	 1
1537903327.002	 0	 -0.014816	 -0.272827	 -1.042999	 1
1537903327.012	 0	 -0.038040	 -0.268738	 -1.061523	 1
1537903327.022	 0	 -0.041641	 -0.285782	 -1.078583	 1
1537903327.032	 0	 -0.018478	 -0.307358	 -1.088394	 1
1537903327.042	 0	 0.002335	 -0.330612	 -1.095688	 1
1537903327.052	 0	 0.006989	 -0.350693	 -1.094849	 1
1537903327.062	 0	 -0.009338	 -0.361908	 -1.086243	 1
1537903327.072	 0	 -0.042328	 -0.370621	 -1.082565	 1
1537903327.082	 0	 -0.062744	 -0.376541	 -1.087234	 1
1537903327.092	 0	 -0.072876	 -0.366302	 -1.089737	 1
1537903327.102	 0	 -0.091949	 -0.335815	 -1.086426	 1
1537903327.112	 0	 -0.113571	 -0.289948	 -1.095062	 1
1537903327.122	 0	 -0.126495	 -0.249832	 -1.105667	 1
1537903327.132	 0	 -0.143738	 -0.224640	 -1.103638	 1
1537903327.142	 0	 -0.146500	 -0.208908	 -1.088654	 1
1537903327.152	 0	 -0.136124	 -0.210785	 -1.048676	 1
1537903327.162	 0	 -0.114517	 -0.236572	 -1.002838	 1
1537903327.172	 0	 -0.072983	 -0.274979	 -0.955750	 1
1537903327.182	 0	 -0.027161	 -0.318298	 -0.917145	 1
1537903327.192	 0	 -0.019592	 -0.354034	 -0.872955	 1
1537903327.202	 0	 -0.031616	 -0.361374	 -0.848572	 1
1537903327.212	 0	 -0.051804	 -0.361374	 -0.860199	 1
1537903327.222	 0	 -0.070190	 -0.354141	 -0.884460	 1
1537903327.232	 0	 -0.102661	 -0.323578	 -0.922043	 1
1537903327.242	 0	 -0.136017	 -0.297379	 -0.977753	 1
1537903327.252	 0	 -0.146881	 -0.282562	 -1.025558	 1
1537903327.262	 0	 -0.145706	 -0.255005	 -1.046463	 1
1537903327.272	 0	 -0.144318	 -0.228622	 -1.047333	 1
1537903327.282	 0	 -0.131058	 -0.211731	 -1.023636	 1
1537903327.292	 0	 -0.110931	 -0.202347	 -0.977676	 1
1537903327.302	 0	 -0.086426	 -0.206253	 -0.919128	 1
1537903327.312	 0	 -0.059021	 -0.221222	 -0.863510	 1
1537903327.322	 0	 -0.040314	 -0.237198	 -0.803223	 1
1537903327.332	 0	 -0.024185	 -0.253433	 -0.748459	 1
1537903327.342	 0	 -0.012314	 -0.268875	 -0.704071	 1
1537903327.352	 0	 0.001602	 -0.285263	 -0.668228	 1
1537903327.362	 0	 0.012009	 -0.304916	 -0.645386	 1
1537903327.372	 0	 0.018906	 -0.323624	 -0.635468	 1
1537903327.382	 0	 0.023972	 -0.338104	 -0.636643	 1
1537903327.392	 0	 0.016083	 -0.354156	 -0.646530	 1
1537903327.402	 0	 0.009338	 -0.367386	 -0.664520	 1
1537903327.412	 0	 0.007614	 -0.378479	 -0.672424	 1
1537903327.422	 0	 -0.002792	 -0.385452	 -0.686310	 1
1537903327.432	 0	 -0.012924	 -0.392990	 -0.718079	 1
1537903327.442	 0	 -0.024673	 -0.401657	 -0.751923	 1
1537903327.452	 0	 -0.038452	 -0.394821	 -0.776077	 1
1537903327.462	 0	 -0.050522	 -0.378784	 -0.807022	 1
1537903327.472	 0	 -0.062485	 -0.365692	 -0.843262	 1
1537903327.482	 0	 -0.074493	 -0.362244	 -0.873383	 1
1537903327.492	 0	 -0.077744	 -0.352768	 -0.899887	 1
1537903327.502	 0	 -0.074524	 -0.340225	 -0.922241	 1
1537903327.512	 0	 -0.071381	 -0.333817	 -0.928940	 1
1537903327.522	 0	 -0.061432	 -0.325821	 -0.924728	 1
1537903327.532	 0	 -0.040054	 -0.321976	 -0.928787	 1
1537903327.542	 0	 -0.013702	 -0.327271	 -0.934265	 1
1537903327.552	 0	 0.007645	 -0.331375	 -0.937454	 1
1537903327.562	 0	 0.023819	 -0.339615	 -0.936981	 1
1537903327.572	 0	 0.043533	 -0.358704	 -0.932770	 1
1537903327.581	 0	 0.063919	 -0.371887	 -0.936829	 1
1537903327.591	 0	 0.078079	 -0.378677	 -0.947937	 1
1537903327.601	 0	 0.073120	 -0.396957	 -0.958084	 1
1537903327.611	 0	 0.058823	 -0.414948	 -0.986664	 1
1537903327.621	 0	 0.037659	 -0.395340	 -1.060547	 1
1537903327.631	 0	 0.001434	 -0.351593	 -1.166351	 1
1537903327.641	 0	 -0.046616	 -0.311401	 -1.255707	 1
1537903327.651	 0	 -0.091019	 -0.264893	 -1.309082	 1
1537903327.661	 0	 -0.099365	 -0.219223	 -1.338028	 1
1537903327.671	 0	 -0.077759	 -0.192917	 -1.326797	 1
1537903327.681	 0	 -0.054245	 -0.172409	 -1.275742	 1
1537903327.691	 0	 -0.032715	 -0.157928	 -1.217239	 1
1537903327.701	 0	 -0.028107	 -0.155014	 -1.163544	 1
1537903327.711	 0	 -0.045258	 -0.156067	 -1.123550	 1
1537903327.721	 0	 -0.058533	 -0.159058	 -1.081039	 1
1537903327.731	 0	 -0.061661	 -0.168716	 -1.024307	 1
1537903327.741	 0	 -0.031082	 -0.187012	 -0.956787	 1
1537903327.751	 0	 0.023849	 -0.212875	 -0.891296	 1
1537903327.761	 0	 0.064346	 -0.234192	 -0.822754	 1
1537903327.771	 0	 0.088593	 -0.239960	 -0.785812	 1
1537903327.781	 0	 0.101196	 -0.253174	 -0.783478	 1
1537903327.791	 0	 0.100586	 -0.276535	 -0.788528	 1
1537903327.801	 0	 0.096634	 -0.284668	 -0.792923	 1
1537903327.811	 0	 0.085403	 -0.285507	 -0.795166	 1
1537903327.821	 0	 0.071106	 -0.282684	 -0.812805	 1
1537903327.831	 0	 0.087631	 -0.273270	 -0.854645	 1
1537903327.841	 0	 0.126190	 -0.271439	 -0.886429	 1
1537903327.851	 0	 0.191879	 -0.248520	 -0.863632	 1
1537903327.861	 0	 0.227097	 -0.247650	 -0.985718	 1
1537903327.871	 0	 0.109894	 -0.217743	 -1.079620	 1
1537903327.881	 0	 0.025970	 -0.157700	 -1.081024	 1
1537903327.891	 0	 0.013336	 -0.161850	 -1.120193	 1
1537903327.901	 0	 0.020737	 -0.176437	 -1.067978	 1
1537903327.911	 0	 0.041428	 -0.170212	 -1.016235	 1
1537903327.921	 0	 0.067718	 -0.180511	 -0.951523	 1
1537903327.931	 0	 0.051331	 -0.209259	 -0.891525	 1
1537903327.941	 0	 0.038345	 -0.216446	 -0.841232	 1
1537903327.951	 0	 0.043777	 -0.223953	 -0.779587	 1
1537903327.961	 0	 0.044220	 -0.234985	 -0.725845	 1
1537903327.971	 0	 0.049606	 -0.246506	 -0.701691	 1
1537903327.981	 0	 0.055267	 -0.260696	 -0.689102	 1
1537903327.991	 0	 0.062698	 -0.271149	 -0.684158	 1
1537903328.001	 0	 0.060959	 -0.278748	 -0.684708	 1
1537903328.011	 0	 0.060959	 -0.281265	 -0.690979	 1
1537903328.021	 0	 0.061523	 -0.287582	 -0.701828	 1
1537903328.031	 0	 0.059219	 -0.290009	 -0.716354	 1
1537903328.041	 0	 0.054535	 -0.289917	 -0.739197	 1
1537903328.051	 0	 0.048401	 -0.298767	 -0.764557	 1
1537903328.061	 0	 0.043762	 -0.307755	 -0.786774	 1
1537903328.071	 0	 0.036652	 -0.306091	 -0.805466	 1
1537903328.081	 0	 0.025421	 -0.294998	 -0.817459	 1
1537903328.091	 0	 0.017029	 -0.284470	 -0.832001	 1
1537903328.101	 0	 0.012772	 -0.279922	 -0.853714	 1
1537903328.111	 0	 0.012558	 -0.279236	 -0.876907	 1
1537903328.121	 0	 0.011826	 -0.280930	 -0.903381	 1
1537903328.131	 0	 0.010376	 -0.286484	 -0.938156	 1
1537903328.141	 0	 0.009750	 -0.292709	 -0.976288	 1
1537903328.151	 0	 0.008484	 -0.289810	 -1.000702	 1
1537903328.161	 0	 0.000900	 -0.270645	 -1.031357	 1
1537903328.171	 0	 -0.021149	 -0.246735	 -1.065918	 1
1537903328.181	 0	 -0.045853	 -0.230942	 -1.087875	 1
1537903328.191	 0	 -0.044525	 -0.235397	 -1.097610	 1
1537903328.201	 0	 -0.024796	 -0.259491	 -1.109543	 1
1537903328.211	 0	 -0.008377	 -0.281876	 -1.125931	 1
1537903328.221	 0	 -0.006775	 -0.278656	 -1.143555	 1
1537903328.230	 0	 -0.021469	 -0.265442	 -1.154480	 1
1537903328.240	 0	 -0.037903	 -0.255630	 -1.160782	 1
1537903328.250	 0	 -0.050598	 -0.243652	 -1.174072	 1
1537903328.260	 0	 -0.069717	 -0.228821	 -1.198441	 1
1537903328.270	 0	 -0.098358	 -0.219849	 -1.198486	 1
1537903328.280	 0	 -0.112701	 -0.203613	 -1.178040	 1
1537903328.290	 0	 -0.111465	 -0.181671	 -1.179413	 1
1537903328.300	 0	 -0.125809	 -0.154999	 -1.161682	 1
1537903328.310	 0	 -0.120255	 -0.113953	 -1.149048	 1
1537903328.320	 0	 -0.101608	 -0.094330	 -1.147629	 1
1537903328.330	 0	 -0.098175	 -0.112671	 -1.107819	 1
1537903328.340	 0	 -0.089188	 -0.129349	 -1.026367	 1
1537903328.350	 0	 -0.057037	 -0.135193	 -0.962723	 1
1537903328.360	 0	 -0.031769	 -0.161697	 -0.898590	 1
1537903328.370	 0	 -0.016464	 -0.199524	 -0.839859	 1
1537903328.380	 0	 0.014801	 -0.224380	 -0.733887	 1
1537903328.390	 0	 0.002487	 -0.298584	 -0.903198	 1
1537903328.400	 0	 -0.077057	 -0.295288	 -1.083252	 1
1537903328.410	 0	 -0.162033	 -0.269409	 -1.091263	 1
1537903328.420	 0	 -0.171494	 -0.171005	 -1.010590	 1
